class1,class2,class3,class4,class5,class6,class7,class8,class9,ID
0.1250743093951095,0.12638121132721666,0.12450477609390737,0.12559932961250053,0.12502624432529225,0.1249773629513826,0.1274727524747389,0.0006377529499947939,0.12032626086985737,0
0.12673667379845807,0.12483606525550286,0.12370857906393357,0.12693333369492124,0.12523699387535353,0.12572280969470542,0.12552499109160178,0.0006652269313723388,0.12063532659415112,1
0.10384915807179328,0.10607442700530355,0.024673461108166976,0.10361761411584035,0.10372617972973142,0.10298033440056177,0.10689765366993823,0.2460663384216621,0.10211483347700236,2
0.12655705296699232,0.12470500744802496,0.12398110868580453,0.12691120161703862,0.12546496648532124,0.12562345962168142,0.1253570589153663,0.0006539316412750628,0.12074621261849548,3
0.1251250718723141,0.12643812502175245,0.12431824264883568,0.12567268176455376,0.12499112476215715,0.124863478553066,0.1276302366834191,0.0006528177573169024,0.12030822093658486,4
0.12656485303852288,0.12494017770915344,0.1238225042898807,0.12658092305114405,0.12545976521209742,0.12559950510846818,0.12530835768034707,0.0006467559492354759,0.12107715796115076,5
0.1250743093951095,0.12638121132721666,0.12450477609390737,0.12559932961250053,0.12502624432529225,0.1249773629513826,0.1274727524747389,0.0006377529499947939,0.12032626086985737,6
0.1250743093951095,0.12638121132721666,0.12450477609390737,0.12559932961250053,0.12502624432529225,0.1249773629513826,0.1274727524747389,0.0006377529499947939,0.12032626086985737,7
0.12656485303852288,0.12494017770915344,0.1238225042898807,0.12658092305114405,0.12545976521209742,0.12559950510846818,0.12530835768034707,0.0006467559492354759,0.12107715796115076,8
0.1265577694539562,0.12465227902638876,0.1239253365848457,0.126737668170821,0.1252035371535381,0.12559124486263812,0.12519508111916533,0.0006420504478601926,0.12149503318078654,9
0.1251250718723141,0.12643812502175245,0.12431824264883568,0.12567268176455376,0.12499112476215715,0.124863478553066,0.1276302366834191,0.0006528177573169024,0.12030822093658486,10
0.1250743093951095,0.12638121132721666,0.12450477609390737,0.12559932961250053,0.12502624432529225,0.1249773629513826,0.1274727524747389,0.0006377529499947939,0.12032626086985737,11
0.12749002262413792,0.12538427667352506,0.07418503690974945,0.1278103122477118,0.12525529402083255,0.12594525734144119,0.12636198140002597,0.04413069185465471,0.1234371269279214,12
0.12576625481184184,0.12719812909781225,0.0995558314775968,0.12626994310329237,0.12530356023818148,0.12543471198446005,0.12828015764085932,0.021782897987674472,0.12040851365828131,13
0.12518424904353284,0.12667996748412905,0.1239175797220517,0.12524725810049062,0.12469024489857591,0.1246938250090709,0.12757311804067997,0.0006488524584095845,0.12136490524305937,14
0.12750356247350036,0.12684748318927183,0.025096543493003366,0.12737618837187617,0.12616764910972367,0.12536354907936587,0.12750338928372557,0.08975938945646357,0.12438224554306967,15
0.12571863024015936,0.1271479764197284,0.0747308136540088,0.1261494121515452,0.12512814545499126,0.12500201999790095,0.1283049556162325,0.047216741673781655,0.12060130479165185,16
0.1250743093951095,0.12638121132721666,0.12450477609390737,0.12559932961250053,0.12502624432529225,0.1249773629513826,0.1274727524747389,0.0006377529499947939,0.12032626086985737,17
0.12508735876153962,0.1265338936348468,0.12399428454752567,0.12529759286244516,0.12456792627332836,0.12462877061260351,0.12755069335815242,0.0006397638576286422,0.12169971609192978,18
0.1250743093951095,0.12638121132721666,0.12450477609390737,0.12559932961250053,0.12502624432529225,0.1249773629513826,0.1274727524747389,0.0006377529499947939,0.12032626086985737,19
0.12719563620730512,0.1256330801849048,0.09896974022596125,0.1268096620942886,0.12455568593489896,0.12532279771654994,0.12592232102209192,0.024360197556749195,0.12123087905725019,20
0.12757216013838754,0.12626345668732064,0.09984978614986867,0.12771438134954546,0.10021251223509586,0.12602474385364534,0.1263459758521332,0.044301370243641204,0.12171561349036202,21
0.12650541950507546,0.12464856909897423,0.12416658741416187,0.12683679132846123,0.12549988930057676,0.125737698562039,0.1252021184431835,0.0006388411250192793,0.1207640852225086,22
0.12513202584696298,0.12667575365549053,0.12415936782761294,0.1253449298309857,0.1249852495506351,0.12483899149238181,0.12757982920295155,0.0006456426400384613,0.12063820995294089,23
0.12513202584696298,0.12667575365549053,0.12415936782761294,0.1253449298309857,0.1249852495506351,0.12483899149238181,0.12757982920295155,0.0006456426400384613,0.12063820995294089,24
0.13384569054829298,0.13162846157467573,0.04514056283649051,0.13364225946991015,0.12951033603193163,0.12622414419503616,0.13264135298809923,0.07471855798559754,0.09264863436996604,25
0.1265577694539562,0.12465227902638876,0.1239253365848457,0.126737668170821,0.1252035371535381,0.12559124486263812,0.12519508111916533,0.0006420504478601926,0.12149503318078654,26
0.12513202584696298,0.12667575365549053,0.12415936782761294,0.1253449298309857,0.1249852495506351,0.12483899149238181,0.12757982920295155,0.0006456426400384613,0.12063820995294089,27
0.1251250718723141,0.12643812502175245,0.12431824264883568,0.12567268176455376,0.12499112476215715,0.124863478553066,0.1276302366834191,0.0006528177573169024,0.12030822093658486,28
0.1265577694539562,0.12465227902638876,0.1239253365848457,0.126737668170821,0.1252035371535381,0.12559124486263812,0.12519508111916533,0.0006420504478601926,0.12149503318078654,29
0.12513202584696298,0.12667575365549053,0.12415936782761294,0.1253449298309857,0.1249852495506351,0.12483899149238181,0.12757982920295155,0.0006456426400384613,0.12063820995294089,30
0.12718881926603032,0.12543825046036797,0.0993186012500355,0.12749798213900354,0.12576215640451036,0.12618166446870854,0.1259788061230758,0.02180155760433809,0.12083216228392983,31
0.12525003545189048,0.12679331271889338,0.09914947103447647,0.12539021546867135,0.12497450558424687,0.12457302241086375,0.1277710572045574,0.025115755427421706,0.12098262469897861,32
0.12650541950507546,0.12464856909897423,0.12416658741416187,0.12683679132846123,0.12549988930057676,0.125737698562039,0.1252021184431835,0.0006388411250192793,0.1207640852225086,33
0.12577533690933224,0.12758334786308015,0.09894185702253211,0.12565041187519113,0.12473986651579833,0.12488416461214316,0.12840103324234137,0.021978107650175396,0.12204587430940605,34
0.12718124241681558,0.12538147197268262,0.09931717699940693,0.12733514797677142,0.12540349766733744,0.12597257104158793,0.12591081658003825,0.021990011372978215,0.12150806397238155,35
0.12706425519860934,0.12527156298732098,0.09931554577859741,0.12724143640231614,0.12520513156179658,0.1256918954781185,0.12590112176850035,0.02297740988468949,0.12133164094005121,36
0.1265577694539562,0.12465227902638876,0.1239253365848457,0.126737668170821,0.1252035371535381,0.12559124486263812,0.12519508111916533,0.0006420504478601926,0.12149503318078654,37
0.12678355976877598,0.12853017669340125,0.11834545751699602,0.12703429471165006,0.12631045634299798,0.12673195530834508,0.129717724851478,0.0006526745021875913,0.11589370030416801,38
0.12661720298740362,0.12494388763656797,0.12358125346056453,0.1264817998935038,0.12516341306505877,0.1254530514090673,0.1253013203563289,0.0006499652720763892,0.1218081059194287,39
0.12513202584696298,0.12667575365549053,0.12415936782761294,0.1253449298309857,0.1249852495506351,0.12483899149238181,0.12757982920295155,0.0006456426400384613,0.12063820995294089,40
0.12729251989403245,0.1257265919846631,0.09897258537236187,0.1271254288858844,0.12535667063367206,0.12600745584513046,0.1261184070558023,0.022491550257239284,0.12090879007121401,41
0.12729251989403245,0.1257265919846631,0.09897258537236187,0.1271254288858844,0.12535667063367206,0.12600745584513046,0.1261184070558023,0.022491550257239284,0.12090879007121401,42
0.1267206165824044,0.12486282273259394,0.12385708745170304,0.126835495605147,0.12499476327938057,0.1253649805998565,0.1253168317504322,0.0006669324845017728,0.1213804695139805,43
0.12627333242427982,0.12906140628694338,0.024774805092088813,0.12625015981349447,0.12652941002769824,0.12519527246929815,0.13018476158000628,0.08777324608362116,0.1239576062225697,44
0.1265577694539562,0.12465227902638876,0.1239253365848457,0.126737668170821,0.1252035371535381,0.12559124486263812,0.12519508111916533,0.0006420504478601926,0.12149503318078654,45
0.1267206165824044,0.12486282273259394,0.12385708745170304,0.126835495605147,0.12499476327938057,0.1253649805998565,0.1253168317504322,0.0006669324845017728,0.1213804695139805,46
0.12650541950507546,0.12464856909897423,0.12416658741416187,0.12683679132846123,0.12549988930057676,0.125737698562039,0.1252021184431835,0.0006388411250192793,0.1207640852225086,47
0.12661720298740362,0.12494388763656797,0.12358125346056453,0.1264817998935038,0.12516341306505877,0.1254530514090673,0.1253013203563289,0.0006499652720763892,0.1218081059194287,48
0.12650541950507546,0.12464856909897423,0.12416658741416187,0.12683679132846123,0.12549988930057676,0.125737698562039,0.1252021184431835,0.0006388411250192793,0.1207640852225086,49
0.12673667379845807,0.12483606525550286,0.12370857906393357,0.12693333369492124,0.12523699387535353,0.12572280969470542,0.12552499109160178,0.0006652269313723388,0.12063532659415112,50
0.1267206165824044,0.12486282273259394,0.12385708745170304,0.126835495605147,0.12499476327938057,0.1253649805998565,0.1253168317504322,0.0006669324845017728,0.1213804695139805,51
0.1251250718723141,0.12643812502175245,0.12431824264883568,0.12567268176455376,0.12499112476215715,0.124863478553066,0.1276302366834191,0.0006528177573169024,0.12030822093658486,52
0.12710091793722617,0.12535345672466228,0.09931574844470592,0.1271895629223007,0.12495790652873236,0.12550454706321443,0.12579169050329866,0.023620527921163995,0.12116564195469544,53
0.1250743093951095,0.12638121132721666,0.12450477609390737,0.12559932961250053,0.12502624432529225,0.1249773629513826,0.1274727524747389,0.0006377529499947939,0.12032626086985737,54
0.1266157018144002,0.12456574675545279,0.12302826000924702,0.12686637006888826,0.1250678715085413,0.12461490735899192,0.1252807331463769,0.000692350601447188,0.1232680587366544,55
0.1267206165824044,0.12486282273259394,0.12385708745170304,0.126835495605147,0.12499476327938057,0.1253649805998565,0.1253168317504322,0.0006669324845017728,0.1213804695139805,56
0.12513202584696298,0.12667575365549053,0.12415936782761294,0.1253449298309857,0.1249852495506351,0.12483899149238181,0.12757982920295155,0.0006456426400384613,0.12063820995294089,57
0.12650541950507546,0.12464856909897423,0.12416658741416187,0.12683679132846123,0.12549988930057676,0.125737698562039,0.1252021184431835,0.0006388411250192793,0.1207640852225086,58
0.12671114616555376,0.12462369134113829,0.12332224466548039,0.12694314436963003,0.12488491034923647,0.12533095032036712,0.12545827564036488,0.0006697195160543856,0.12205591763217462,59
0.1250743093951095,0.12638121132721666,0.12450477609390737,0.12559932961250053,0.12502624432529225,0.1249773629513826,0.1274727524747389,0.0006377529499947939,0.12032626086985737,60
0.12650541950507546,0.12464856909897423,0.12416658741416187,0.12683679132846123,0.12549988930057676,0.125737698562039,0.1252021184431835,0.0006388411250192793,0.1207640852225086,61
0.1274751465637269,0.12556091257271174,0.09932111761761214,0.12783444462460966,0.12569793353960776,0.12669024148815286,0.1263210364276312,0.019382172517198027,0.12171699464874969,62
0.12656485303852288,0.12494017770915344,0.1238225042898807,0.12658092305114405,0.12545976521209742,0.12559950510846818,0.12530835768034707,0.0006467559492354759,0.12107715796115076,63
0.15572643136760722,0.1528666114594022,0.035787675428935906,0.15644386548873962,0.03627032078172041,0.15223361439842192,0.15410716801378604,0.12081904075737658,0.03574527230401009,64
0.12576625481184184,0.12719812909781225,0.0995558314775968,0.12626994310329237,0.12530356023818148,0.12543471198446005,0.12828015764085932,0.021782897987674472,0.12040851365828131,65
0.12650541950507546,0.12464856909897423,0.12416658741416187,0.12683679132846123,0.12549988930057676,0.125737698562039,0.1252021184431835,0.0006388411250192793,0.1207640852225086,66
0.12834294768084026,0.1280650929120613,0.0002478155503562163,0.12774716369230912,0.12601578272787928,0.12581319853411785,0.12866924145049466,0.10890313520851873,0.12619562224342268,67
0.1250743093951095,0.12638121132721666,0.12450477609390737,0.12559932961250053,0.12502624432529225,0.1249773629513826,0.1274727524747389,0.0006377529499947939,0.12032626086985737,68
0.12752749651260767,0.12556462250012626,0.099079866788296,0.12773532146696942,0.1254015813925691,0.12654378778875197,0.12631399910361304,0.01938538184003894,0.12244794260702763,69
0.12650541950507546,0.12464856909897423,0.12416658741416187,0.12683679132846123,0.12549988930057676,0.125737698562039,0.1252021184431835,0.0006388411250192793,0.1207640852225086,70
0.12576625481184184,0.12719812909781225,0.0995558314775968,0.12626994310329237,0.12530356023818148,0.12543471198446005,0.12828015764085932,0.021782897987674472,0.12040851365828131,71
0.12650541950507546,0.12464856909897423,0.12416658741416187,0.12683679132846123,0.12549988930057676,0.125737698562039,0.1252021184431835,0.0006388411250192793,0.1207640852225086,72
0.1250743093951095,0.12638121132721666,0.12450477609390737,0.12559932961250053,0.12502624432529225,0.1249773629513826,0.1274727524747389,0.0006377529499947939,0.12032626086985737,73
0.12678005011585183,0.12515443134277315,0.12351300432742188,0.12657962732782982,0.12495463919090122,0.12522678714628568,0.12542307098759578,0.0006748473087179693,0.12169354225262266,74
0.1250743093951095,0.12638121132721666,0.12450477609390737,0.12559932961250053,0.12502624432529225,0.1249773629513826,0.1274727524747389,0.0006377529499947939,0.12032626086985737,75
0.12718124241681558,0.12538147197268262,0.09931717699940693,0.12733514797677142,0.12540349766733744,0.12597257104158793,0.12591081658003825,0.021990011372978215,0.12150806397238155,76
0.12519231900003702,0.1264987703906195,0.09949487930077089,0.1256446152501862,0.12501550035890402,0.12471139386986456,0.12766398047634472,0.025107865737378037,0.12067067561589506,77
0.1251250718723141,0.12643812502175245,0.12431824264883568,0.12567268176455376,0.12499112476215715,0.124863478553066,0.1276302366834191,0.0006528177573169024,0.12030822093658486,78
0.1250743093951095,0.12638121132721666,0.12450477609390737,0.12559932961250053,0.12502624432529225,0.1249773629513826,0.1274727524747389,0.0006377529499947939,0.12032626086985737,79
0.10502311749153223,0.10459245976360257,0.024654040515080692,0.10460018134671492,0.1040741799367628,0.10355687307619536,0.10496107254506137,0.24627159009024324,0.10226648523480691,80
0.12576625481184184,0.12719812909781225,0.0995558314775968,0.12626994310329237,0.12530356023818148,0.12543471198446005,0.12828015764085932,0.021782897987674472,0.12040851365828131,81
0.12650541950507546,0.12464856909897423,0.12416658741416187,0.12683679132846123,0.12549988930057676,0.125737698562039,0.1252021184431835,0.0006388411250192793,0.1207640852225086,82
0.127463794242422,0.12574259799699258,0.09907785894091992,0.12734491872633028,0.1252405024443502,0.1262763383411978,0.12629980565789783,0.019899454030946718,0.12265472961894264,83
0.1250743093951095,0.12638121132721666,0.12450477609390737,0.12559932961250053,0.12502624432529225,0.1249773629513826,0.1274727524747389,0.0006377529499947939,0.12032626086985737,84
0.1250743093951095,0.12638121132721666,0.12450477609390737,0.12559932961250053,0.12502624432529225,0.1249773629513826,0.1274727524747389,0.0006377529499947939,0.12032626086985737,85
0.1274751465637269,0.12556091257271174,0.09932111761761214,0.12783444462460966,0.12569793353960776,0.12669024148815286,0.1263210364276312,0.019382172517198027,0.12171699464874969,86
0.12650541950507546,0.12464856909897423,0.12416658741416187,0.12683679132846123,0.12549988930057676,0.125737698562039,0.1252021184431835,0.0006388411250192793,0.1207640852225086,87
0.1250743093951095,0.12638121132721666,0.12450477609390737,0.12559932961250053,0.12502624432529225,0.1249773629513826,0.1274727524747389,0.0006377529499947939,0.12032626086985737,88
0.127856210016302,0.12707593039932025,0.024277891145972272,0.12737737047960276,0.10129589630801775,0.12474488920921953,0.12731616954794264,0.11303455428086193,0.1270210886127609,89
0.12650541950507546,0.12464856909897423,0.12416658741416187,0.12683679132846123,0.12549988930057676,0.125737698562039,0.1252021184431835,0.0006388411250192793,0.1207640852225086,90
0.12512653259167936,0.12638542515585516,0.12426298798834612,0.12550165788200546,0.12473123967323305,0.12483219646807171,0.12746604131246733,0.000640962768365917,0.12105295615997586,91
0.1250743093951095,0.12638121132721666,0.12450477609390737,0.12559932961250053,0.12502624432529225,0.1249773629513826,0.1274727524747389,0.0006377529499947939,0.12032626086985737,92
0.1062950508807194,0.10815969038058293,0.10508684834165834,0.10598704843831469,0.10300724287108534,0.10595559388780498,0.10913327960568893,0.2066262455974639,0.04974899999668153,93
0.12567913694687735,0.12711197646953,0.09955296470152,0.125964327193053,0.12450113873279292,0.12476093974696849,0.12808934570224786,0.02360022605535082,0.12073994445165945,94
0.12650541950507546,0.12464856909897423,0.12416658741416187,0.12683679132846123,0.12549988930057676,0.125737698562039,0.1252021184431835,0.0006388411250192793,0.1207640852225086,95
0.12513202584696298,0.12667575365549053,0.12415936782761294,0.1253449298309857,0.1249852495506351,0.12483899149238181,0.12757982920295155,0.0006456426400384613,0.12063820995294089,96
0.12576625481184184,0.12719812909781225,0.0995558314775968,0.12626994310329237,0.12530356023818148,0.12543471198446005,0.12828015764085932,0.021782897987674472,0.12040851365828131,97
0.1271603514706736,0.12564506533484146,0.09897166532042476,0.1269336946449835,0.124917782440253,0.1253663536096436,0.12589792974046224,0.02362844274538019,0.1214787146933376,98
0.12650541950507546,0.12464856909897423,0.12416658741416187,0.12683679132846123,0.12549988930057676,0.125737698562039,0.1252021184431835,0.0006388411250192793,0.1207640852225086,99
0.12650541950507546,0.12464856909897423,0.12416658741416187,0.12683679132846123,0.12549988930057676,0.125737698562039,0.1252021184431835,0.0006388411250192793,0.1207640852225086,100
0.1267206165824044,0.12486282273259394,0.12385708745170304,0.126835495605147,0.12499476327938057,0.1253649805998565,0.1253168317504322,0.0006669324845017728,0.1213804695139805,101
0.1251250718723141,0.12643812502175245,0.12431824264883568,0.12567268176455376,0.12499112476215715,0.124863478553066,0.1276302366834191,0.0006528177573169024,0.12030822093658486,102
0.12570353896377565,0.12694224738208879,0.09935788439830456,0.12624280044055464,0.12491246191009144,0.12500540341727517,0.12817384638225143,0.021865785898886117,0.12179603120677213,103
0.12517711570599102,0.1264420607463928,0.12407797446551688,0.12557444045738836,0.12469625113992369,0.12471868943489665,0.1276231933015674,0.0006561925722185587,0.12103408217610459,104
0.12513202584696298,0.12667575365549053,0.12415936782761294,0.1253449298309857,0.1249852495506351,0.12483899149238181,0.12757982920295155,0.0006456426400384613,0.12063820995294089,105
0.12518278832416754,0.12673266735002633,0.12397283438254125,0.12541828198303892,0.12495012998750002,0.1247251070940652,0.12773731341163175,0.0006607074473605699,0.12062017001966838,106
0.12650541950507546,0.12464856909897423,0.12416658741416187,0.12683679132846123,0.12549988930057676,0.125737698562039,0.1252021184431835,0.0006388411250192793,0.1207640852225086,107
0.1250743093951095,0.12638121132721666,0.12450477609390737,0.12559932961250053,0.12502624432529225,0.1249773629513826,0.1274727524747389,0.0006377529499947939,0.12032626086985737,108
0.12759182907553965,0.12693356637036365,0.025098974579689508,0.12768294720390186,0.12698178291082962,0.12602912242990447,0.1276923158413501,0.08795703840829659,0.12403242318012458,109
0.1250743093951095,0.12638121132721666,0.12450477609390737,0.12559932961250053,0.12502624432529225,0.1249773629513826,0.1274727524747389,0.0006377529499947939,0.12032626086985737,110
0.12586499399119075,0.1273368059909402,0.09891309194475603,0.1258650045659285,0.124586123736112,0.12421153238376705,0.12810718863208093,0.02364419648993674,0.12147106226528775,111
0.12650541950507546,0.12464856909897423,0.12416658741416187,0.12683679132846123,0.12549988930057676,0.125737698562039,0.1252021184431835,0.0006388411250192793,0.1207640852225086,112
0.1250743093951095,0.12638121132721666,0.12450477609390737,0.12559932961250053,0.12502624432529225,0.1249773629513826,0.1274727524747389,0.0006377529499947939,0.12032626086985737,113
0.12660167438973083,0.12474163113189424,0.09922350140818703,0.12685940540000307,0.12546619837819994,0.12544733276480222,0.1253669452584528,0.02520666709762734,0.1210866441711025,114
0.12650541950507546,0.12464856909897423,0.12416658741416187,0.12683679132846123,0.12549988930057676,0.125737698562039,0.1252021184431835,0.0006388411250192793,0.1207640852225086,115
0.1267206165824044,0.12486282273259394,0.12385708745170304,0.126835495605147,0.12499476327938057,0.1253649805998565,0.1253168317504322,0.0006669324845017728,0.1213804695139805,116
0.12650541950507546,0.12464856909897423,0.12416658741416187,0.12683679132846123,0.12549988930057676,0.125737698562039,0.1252021184431835,0.0006388411250192793,0.1207640852225086,117
0.12650541950507546,0.12464856909897423,0.12416658741416187,0.12683679132846123,0.12549988930057676,0.125737698562039,0.1252021184431835,0.0006388411250192793,0.1207640852225086,118
0.12510629344083743,0.12645967586985726,0.12377056155336047,0.12535390493847656,0.12463204378808257,0.12444984533407001,0.12751141115397124,0.0006500760102081162,0.12206618791113624,119
0.12614652213339694,0.12698862805443722,0.09867684705884822,0.12641307031035903,0.12381858485087113,0.12429336911887358,0.12845233583034607,0.021977367030625906,0.12323327561224179,120
0.12650541950507546,0.12464856909897423,0.12416658741416187,0.12683679132846123,0.12549988930057676,0.125737698562039,0.1252021184431835,0.0006388411250192793,0.1207640852225086,121
0.12668196580996888,0.12501022795368302,0.1235895442798691,0.12663035814077214,0.12483163668388368,0.12516120849996953,0.1254009367649391,0.0006657407576486584,0.1220283811092659,122
0.1250743093951095,0.12638121132721666,0.12450477609390737,0.12559932961250053,0.12502624432529225,0.1249773629513826,0.1274727524747389,0.0006377529499947939,0.12032626086985737,123
0.1265577694539562,0.12465227902638876,0.1239253365848457,0.126737668170821,0.1252035371535381,0.12559124486263812,0.12519508111916533,0.0006420504478601926,0.12149503318078654,124
0.12668196580996888,0.12501022795368302,0.1235895442798691,0.12663035814077214,0.12483163668388368,0.12516120849996953,0.1254009367649391,0.0006657407576486584,0.1220283811092659,125
0.1265577694539562,0.12465227902638876,0.1239253365848457,0.126737668170821,0.1252035371535381,0.12559124486263812,0.12519508111916533,0.0006420504478601926,0.12149503318078654,126
0.12513202584696298,0.12667575365549053,0.12415936782761294,0.1253449298309857,0.1249852495506351,0.12483899149238181,0.12757982920295155,0.0006456426400384613,0.12063820995294089,127
0.12668522497240245,0.12477987229572787,0.12389255009870626,0.12685940729953826,0.12527213894071504,0.1258380463934379,0.12536956170525065,0.0006495794702997432,0.12065361882392177,128
0.12650541950507546,0.12464856909897423,0.12416658741416187,0.12683679132846123,0.12549988930057676,0.125737698562039,0.1252021184431835,0.0006388411250192793,0.1207640852225086,129
0.12650541950507546,0.12464856909897423,0.12416658741416187,0.12683679132846123,0.12549988930057676,0.125737698562039,0.1252021184431835,0.0006388411250192793,0.1207640852225086,130
0.12656485303852288,0.12494017770915344,0.1238225042898807,0.12658092305114405,0.12545976521209742,0.12559950510846818,0.12530835768034707,0.0006467559492354759,0.12107715796115076,131
0.1250743093951095,0.12638121132721666,0.12450477609390737,0.12559932961250053,0.12502624432529225,0.1249773629513826,0.1274727524747389,0.0006377529499947939,0.12032626086985737,132
0.12650541950507546,0.12464856909897423,0.12416658741416187,0.12683679132846123,0.12549988930057676,0.125737698562039,0.1252021184431835,0.0006388411250192793,0.1207640852225086,133
0.12523459434298506,0.12659419482470582,0.12443514491097693,0.1256961051301366,0.12481519695515221,0.12475065192771657,0.12759633341690413,0.0006623188612119489,0.12021545963021063,134
0.12763894588517158,0.1271638597387496,0.024753662208424027,0.1272611822480559,0.12657454211700064,0.12568118114249083,0.12772565920615087,0.08814777632000524,0.12505319113395139,135
0.12565138311243643,0.12708733105086134,0.09955417700207359,0.12617747866591278,0.12510376985824442,0.12515410468110238,0.12827121182330686,0.022761693693720525,0.12023885011234162,136
0.12517702047334395,0.12609806081252173,0.12381758381887686,0.12576548069161786,0.1247987306249207,0.12417780411749739,0.12731635757939946,0.0006774691221859872,0.12217149275963601,137
0.12656485303852288,0.12494017770915344,0.1238225042898807,0.12658092305114405,0.12545976521209742,0.12559950510846818,0.12530835768034707,0.0006467559492354759,0.12107715796115076,138
0.12650541950507546,0.12464856909897423,0.12416658741416187,0.12683679132846123,0.12549988930057676,0.125737698562039,0.1252021184431835,0.0006388411250192793,0.1207640852225086,139
0.12656485303852288,0.12494017770915344,0.1238225042898807,0.12658092305114405,0.12545976521209742,0.12559950510846818,0.12530835768034707,0.0006467559492354759,0.12107715796115076,140
0.1317048010348794,0.13311107798336383,0.07013879466016468,0.13202773596405518,0.130247867380942,0.12605549069136832,0.13458151985850994,0.050805483373166795,0.09132722905354984,141
0.12518424904353284,0.12667996748412905,0.1239175797220517,0.12524725810049062,0.12469024489857591,0.1246938250090709,0.12757311804067997,0.0006488524584095845,0.12136490524305937,142
0.126850704317563,0.12479564345847288,0.123559528139005,0.12699453339480726,0.12512234929891497,0.12494982093465512,0.12523034724076415,0.0007019690881565241,0.12179510412766108,143
0.12684823149363642,0.12499084304059435,0.12382376055179983,0.1269570502423104,0.12506215546393346,0.1256089133363921,0.12549151135371742,0.0006750977016381057,0.12054243681597786,144
0.12519231900003702,0.1264987703906195,0.09949487930077089,0.1256446152501862,0.12501550035890402,0.12471139386986456,0.12766398047634472,0.025107865737378037,0.12067067561589506,145
0.12650541950507546,0.12464856909897423,0.12416658741416187,0.12683679132846123,0.12549988930057676,0.125737698562039,0.1252021184431835,0.0006388411250192793,0.1207640852225086,146
0.12650541950507546,0.12464856909897423,0.12416658741416187,0.12683679132846123,0.12549988930057676,0.125737698562039,0.1252021184431835,0.0006388411250192793,0.1207640852225086,147
0.1265577694539562,0.12465227902638876,0.1239253365848457,0.126737668170821,0.1252035371535381,0.12559124486263812,0.12519508111916533,0.0006420504478601926,0.12149503318078654,148
0.1250743093951095,0.12638121132721666,0.12450477609390737,0.12559932961250053,0.12502624432529225,0.1249773629513826,0.1274727524747389,0.0006377529499947939,0.12032626086985737,149
0.12651911868152066,0.12479968424747784,0.12365779341301175,0.12653253070644613,0.12504041055804122,0.12538747276275114,0.12527918613367223,0.0006408587210070783,0.12214294477607193,150
0.1258239712636953,0.12749267142608614,0.09921042321130241,0.12601554332177753,0.12526256546352435,0.12529634052545927,0.12838723436907198,0.02179078767771814,0.12072046274136486,151
0.12512653259167936,0.12638542515585516,0.12426298798834612,0.12550165788200546,0.12473123967323305,0.12483219646807171,0.12746604131246733,0.000640962768365917,0.12105295615997586,152
0.12714502125384702,0.1252091039619064,0.09901599089746513,0.12728043781697895,0.12486442828179631,0.12496186603534665,0.12577570241974656,0.025252388677290533,0.12049506065562247,153
0.12650541950507546,0.12464856909897423,0.12416658741416187,0.12683679132846123,0.12549988930057676,0.125737698562039,0.1252021184431835,0.0006388411250192793,0.1207640852225086,154
0.1265184021945568,0.12485241266911404,0.12371356551397059,0.12670606415266375,0.12530183988982435,0.12541968752179444,0.12544116392987323,0.0006527399144219485,0.12139412421378089,155
0.12540450574982967,0.12671539351090663,0.09918538960961681,0.12564225674322038,0.12451157317451371,0.12434145360296812,0.1277804326521318,0.02513737408740694,0.12128162086940592,156
0.1250743093951095,0.12638121132721666,0.12450477609390737,0.12559932961250053,0.12502624432529225,0.1249773629513826,0.1274727524747389,0.0006377529499947939,0.12032626086985737,157
0.1250743093951095,0.12638121132721666,0.12450477609390737,0.12559932961250053,0.12502624432529225,0.1249773629513826,0.1274727524747389,0.0006377529499947939,0.12032626086985737,158
0.12650541950507546,0.12464856909897423,0.12416658741416187,0.12683679132846123,0.12549988930057676,0.125737698562039,0.1252021184431835,0.0006388411250192793,0.1207640852225086,159
0.1257152036527115,0.12735789772228373,0.12458670173377226,0.12576164793129052,0.1000647884833855,0.1251645533483487,0.12779602790151806,0.02242636517270296,0.12112681405398673,160
0.10091879206608237,0.10287197866190843,0.025114145071838605,0.10121665722550897,0.10115976025232212,0.10012469301337962,0.10407670109456492,0.2660893369418991,0.09842793567249586,161
0.12513202584696298,0.12667575365549053,0.12415936782761294,0.1253449298309857,0.1249852495506351,0.12483899149238181,0.12757982920295155,0.0006456426400384613,0.12063820995294089,162
0.12650541950507546,0.12464856909897423,0.12416658741416187,0.12683679132846123,0.12549988930057676,0.125737698562039,0.1252021184431835,0.0006388411250192793,0.1207640852225086,163
0.1265577694539562,0.12465227902638876,0.1239253365848457,0.126737668170821,0.1252035371535381,0.12559124486263812,0.12519508111916533,0.0006420504478601926,0.12149503318078654,164
0.12517711570599102,0.1264420607463928,0.12407797446551688,0.12557444045738836,0.12469625113992369,0.12471868943489665,0.1276231933015674,0.0006561925722185587,0.12103408217610459,165
0.12524436283371396,0.12650270611525985,0.0992546111174521,0.12554637394302082,0.12472062673667053,0.12456660475169519,0.12765693709449305,0.02511124055227969,0.12139653685541482,166
0.1258239712636953,0.12749267142608614,0.09921042321130241,0.12601554332177753,0.12526256546352435,0.12529634052545927,0.12838723436907198,0.02179078767771814,0.12072046274136486,167
0.12650541950507546,0.12464856909897423,0.12416658741416187,0.12683679132846123,0.12549988930057676,0.125737698562039,0.1252021184431835,0.0006388411250192793,0.1207640852225086,168
0.10090583649397236,0.10280919586048416,0.025112923904408026,0.10105209359454324,0.10079557764922392,0.09991750156973307,0.10400158396767355,0.26627962983073145,0.0991256571292302,169
0.12650541950507546,0.12464856909897423,0.12416658741416187,0.12683679132846123,0.12549988930057676,0.125737698562039,0.1252021184431835,0.0006388411250192793,0.1207640852225086,170
0.12513202584696298,0.12667575365549053,0.12415936782761294,0.1253449298309857,0.1249852495506351,0.12483899149238181,0.12757982920295155,0.0006456426400384613,0.12063820995294089,171
0.12513202584696298,0.12667575365549053,0.12415936782761294,0.1253449298309857,0.1249852495506351,0.12483899149238181,0.12757982920295155,0.0006456426400384613,0.12063820995294089,172
0.12626150588879503,0.1289995736594833,0.024773571507793923,0.12608620288825417,0.12616354571478938,0.12498695457813691,0.13011085216361196,0.08795622280092288,0.12466157079821251,173
0.1267206165824044,0.12486282273259394,0.12385708745170304,0.126835495605147,0.12499476327938057,0.1253649805998565,0.1253168317504322,0.0006669324845017728,0.1213804695139805,174
0.1318297646144558,0.13346626568050474,0.044970023045805475,0.1317452696681728,0.1302312482030317,0.12576503454916607,0.13472234037964825,0.0752684210432716,0.0920016328159436,175
0.12650541950507546,0.12464856909897423,0.12416658741416187,0.12683679132846123,0.12549988930057676,0.125737698562039,0.1252021184431835,0.0006388411250192793,0.1207640852225086,176
0.1273405471967142,0.12687611402463592,0.024827594405380276,0.12706930925884427,0.12579837141115313,0.12488050352104182,0.1275681600392833,0.09080203981626052,0.12483736032668663,177
0.1251250718723141,0.12643812502175245,0.12431824264883568,0.12567268176455376,0.12499112476215715,0.124863478553066,0.1276302366834191,0.0006528177573169024,0.12030822093658486,178
0.12666808878729757,0.12485923744348085,0.12409782651695839,0.12693515963232632,0.1252887873109596,0.1255102685887158,0.12532405913831454,0.0006634503737752798,0.12065312220817158,179
0.1250743093951095,0.12638121132721666,0.12450477609390737,0.12559932961250053,0.12502624432529225,0.1249773629513826,0.1274727524747389,0.0006377529499947939,0.12032626086985737,180
0.12520345135124383,0.12631359949222515,0.12420745329140875,0.12575729509277284,0.12515372830300356,0.12456531810200959,0.12738520155549962,0.0006727314963041084,0.12074122131553247,181
0.1250743093951095,0.12638121132721666,0.12450477609390737,0.12559932961250053,0.12502624432529225,0.1249773629513826,0.1274727524747389,0.0006377529499947939,0.12032626086985737,182
0.12529231079483855,0.12688873715297969,0.12408973664468251,0.12544170534862176,0.12477420218049508,0.12461228046871578,0.1277034101451168,0.0006702085512556164,0.12052740871329415,183
0.12666808878729757,0.12485923744348085,0.12409782651695839,0.12693515963232632,0.1252887873109596,0.1255102685887158,0.12532405913831454,0.0006634503737752798,0.12065312220817158,184
0.126727522320745,0.12515084605366003,0.12375374339267722,0.12667929135500913,0.12524866322248024,0.12537207513514498,0.12543029837547812,0.0006713651979914763,0.12096619494681375,185
0.12750387791752474,0.12558460137623226,0.09897419889489698,0.12749680140953729,0.12483072658673819,0.12552648903302277,0.12620187279106265,0.02166830055690949,0.12221313143407565,186
0.1250743093951095,0.12638121132721666,0.12450477609390737,0.12559932961250053,0.12502624432529225,0.1249773629513826,0.1274727524747389,0.0006377529499947939,0.12032626086985737,187
0.12513202584696298,0.12667575365549053,0.12415936782761294,0.1253449298309857,0.1249852495506351,0.12483899149238181,0.12757982920295155,0.0006456426400384613,0.12063820995294089,188
0.1250743093951095,0.12638121132721666,0.12450477609390737,0.12559932961250053,0.12502624432529225,0.1249773629513826,0.1274727524747389,0.0006377529499947939,0.12032626086985737,189
0.12519231900003702,0.1264987703906195,0.09949487930077089,0.1256446152501862,0.12501550035890402,0.12471139386986456,0.12766398047634472,0.025107865737378037,0.12067067561589506,190
0.12627333242427982,0.12906140628694338,0.024774805092088813,0.12625015981349447,0.12652941002769824,0.12519527246929815,0.13018476158000628,0.08777324608362116,0.1239576062225697,191
0.12650541950507546,0.12464856909897423,0.12416658741416187,0.12683679132846123,0.12549988930057676,0.125737698562039,0.1252021184431835,0.0006388411250192793,0.1207640852225086,192
0.1257590945973114,0.12714087049329503,0.09955440209138078,0.12610899375981233,0.1249461008797629,0.12522702279945652,0.1282112172478289,0.021971477544414007,0.12108082058673805,193
0.12620378943694155,0.12870503133120942,0.025118979774088338,0.12634060266976901,0.12620454048944652,0.12512532603713772,0.13000377543539932,0.08794833311087921,0.12434962171512898,194
0.12650541950507546,0.12464856909897423,0.12416658741416187,0.12683679132846123,0.12549988930057676,0.125737698562039,0.1252021184431835,0.0006388411250192793,0.1207640852225086,195
0.1265577694539562,0.12465227902638876,0.1239253365848457,0.126737668170821,0.1252035371535381,0.12559124486263812,0.12519508111916533,0.0006420504478601926,0.12149503318078654,196
0.12518424904353284,0.12667996748412905,0.1239175797220517,0.12524725810049062,0.12469024489857591,0.1246938250090709,0.12757311804067997,0.0006488524584095845,0.12136490524305937,197
0.12650541950507546,0.12464856909897423,0.12416658741416187,0.12683679132846123,0.12549988930057676,0.125737698562039,0.1252021184431835,0.0006388411250192793,0.1207640852225086,198
0.1267206165824044,0.12486282273259394,0.12385708745170304,0.126835495605147,0.12499476327938057,0.1253649805998565,0.1253168317504322,0.0006669324845017728,0.1213804695139805,199
0.12512653259167936,0.12638542515585516,0.12426298798834612,0.12550165788200546,0.12473123967323305,0.12483219646807171,0.12746604131246733,0.000640962768365917,0.12105295615997586,200
0.12665384354744158,0.1247450666341399,0.09898376556243163,0.1267597051713052,0.12516997554146003,0.1253012597205821,0.12535957971786907,0.025210041436958583,0.12181676266781187,201
0.12513202584696298,0.12667575365549053,0.12415936782761294,0.1253449298309857,0.1249852495506351,0.12483899149238181,0.12757982920295155,0.0006456426400384613,0.12063820995294089,202
0.12655705296699232,0.12470500744802496,0.12398110868580453,0.12691120161703862,0.12546496648532124,0.12562345962168142,0.1253570589153663,0.0006539316412750628,0.12074621261849548,203
0.1271646455841252,0.12562312635118603,0.12425921967481174,0.12701173326545726,0.10042165517044742,0.1259370283663188,0.12553057587136662,0.022476557419372187,0.12157545829691468,204
0.1250743093951095,0.12638121132721666,0.12450477609390737,0.12559932961250053,0.12502624432529225,0.1249773629513826,0.1274727524747389,0.0006377529499947939,0.12032626086985737,205
0.13181314793783408,0.13325799619159867,0.06959832599301757,0.13183717571566664,0.13001431237870276,0.1257680703376865,0.13458952272374686,0.04991754095462477,0.0932039077671221,206
0.1266878571891148,0.1245850997522677,0.12362777727214766,0.12689670596048125,0.12533112317307252,0.12517608519743673,0.1251085966094973,0.0006770870515149439,0.12190966779446712,207
0.12655705296699232,0.12470500744802496,0.12398110868580453,0.12691120161703862,0.12546496648532124,0.12562345962168142,0.1253570589153663,0.0006539316412750628,0.12074621261849548,208
0.1267206165824044,0.12486282273259394,0.12385708745170304,0.126835495605147,0.12499476327938057,0.1253649805998565,0.1253168317504322,0.0006669324845017728,0.1213804695139805,209
0.12571025521227636,0.12708969748352422,0.07472939843246498,0.1259877938847656,0.12477228680439886,0.12479539234980362,0.1282347622201286,0.04741283382422412,0.1212675797884136,210
0.12627333242427982,0.12906140628694338,0.024774805092088813,0.12625015981349447,0.12652941002769824,0.12519527246929815,0.13018476158000628,0.08777324608362116,0.1239576062225697,211
0.1275220197420704,0.12728598817974535,0.024486458354152193,0.12691504605167753,0.12596245472457968,0.12502050200851478,0.12769186224105342,0.08976605201648198,0.12534961668172476,212
0.12666808878729757,0.12485923744348085,0.12409782651695839,0.12693515963232632,0.1252887873109596,0.1255102685887158,0.12532405913831454,0.0006634503737752798,0.12065312220817158,213
0.1251250718723141,0.12643812502175245,0.12431824264883568,0.12567268176455376,0.12499112476215715,0.124863478553066,0.1276302366834191,0.0006528177573169024,0.12030822093658486,214
0.12646676873263993,0.12479597432006331,0.12389904424232792,0.12663165386408637,0.12533676270507987,0.12553392646215203,0.1252862234576904,0.000637649398166165,0.121411996817794,215
0.12650541950507546,0.12464856909897423,0.12416658741416187,0.12683679132846123,0.12549988930057676,0.125737698562039,0.1252021184431835,0.0006388411250192793,0.1207640852225086,216
0.12650541950507546,0.12464856909897423,0.12416658741416187,0.12683679132846123,0.12549988930057676,0.125737698562039,0.1252021184431835,0.0006388411250192793,0.1207640852225086,217
