class1,class2,class3,class4,class5,class6,class7,class8,class9,ID
0.14455399014681247,0.14094891435708282,0.09862394065463155,0.13752535006001726,0.09870571910533724,0.13743203213827496,0.1402073400706857,0.0025527175148881607,0.09944999595226985,0
0.12542577419009682,0.12497760780362713,0.12409648405538974,0.12590087997761074,0.1246757673492487,0.12470782411395875,0.12592003230652046,0.002175813631065443,0.1221198165724822,1
0.12453288577668643,0.12364537746152011,0.1214726958955481,0.12521911850766845,0.1240596322698157,0.12402082603048156,0.12506497160955962,0.009342918316712046,0.12264157413200809,2
0.12476577719837852,0.12448225076203016,0.12340780716096385,0.12542065421413764,0.12424894367400029,0.12393412611650671,0.12518057808709826,0.006877894285891007,0.1216819685009937,3
0.12457021115892375,0.12422032768071532,0.12258462024308596,0.125101447205173,0.12388032630755441,0.12408785222126506,0.12515587080248852,0.008552612112184462,0.12184673226860954,4
0.12540316187136286,0.1250384935250261,0.12326004166186023,0.1259716498238697,0.12475744038841123,0.12502443647315586,0.1259107722176027,0.0019140542022917247,0.1227199498364196,5
0.1251551682752533,0.12472999585996607,0.1235083596349034,0.12580946685750416,0.12474119313764964,0.12474021961060633,0.12587709260269667,0.003047245442488855,0.1223912585789314,6
0.07718504346030411,0.07772616917931083,0.07379404781984296,0.07732072766259124,0.07497129486969233,0.07597785483944937,0.10067162848835783,0.44227956101093246,7.367266951902789e-05,7
0.12512448796776324,0.12502666828691025,0.12173621143431801,0.12520212272880815,0.12362060813494645,0.12434118537577908,0.12620042458418246,0.007205836196136255,0.12154245529115608,8
0.1424222368909395,0.1410005964182169,0.00939338984088908,0.14276275536867236,0.14242506846776823,0.14045004281322238,0.14223556237486862,0.13000199718481215,0.009308350640610774,9
0.1251551682752533,0.12472999585996607,0.1235083596349034,0.12580946685750416,0.12474119313764964,0.12474021961060633,0.12587709260269667,0.003047245442488855,0.1223912585789314,10
0.12514483087416833,0.12489476999684475,0.12339730075657496,0.12574130176043904,0.12457650004877695,0.12460392070401712,0.12591593562500147,0.003284337941024675,0.12244110229315272,11
0.12540316187136286,0.1250384935250261,0.12326004166186023,0.1259716498238697,0.12475744038841123,0.12502443647315586,0.1259107722176027,0.0019140542022917247,0.1227199498364196,12
0.12540316187136286,0.1250384935250261,0.12326004166186023,0.1259716498238697,0.12475744038841123,0.12502443647315586,0.1259107722176027,0.0019140542022917247,0.1227199498364196,13
0.12476577719837852,0.12448225076203016,0.12340780716096385,0.12542065421413764,0.12424894367400029,0.12393412611650671,0.12518057808709826,0.006877894285891007,0.1216819685009937,14
0.12497236083906824,0.12535627028661533,0.12235383454285245,0.12565216637797474,0.12448599149996926,0.12525953359780648,0.12575141371159984,0.0037106132658823784,0.12245781587823132,15
0.14765900786324274,0.14196013455372242,0.1017382339102629,0.14101031787826712,0.10057312477489075,0.14053609343803078,0.14343418772612956,0.0028272316193070847,0.08026166823614654,16
0.12461188016089743,0.12379871063726872,0.12325365001642835,0.12434820785100231,0.12398520369720172,0.12378086476032814,0.12537457582385259,0.00938398977857278,0.12146291727444795,17
0.12832281463659231,0.1271670847163727,0.125690645121,0.1287928707515822,0.126474495042382,0.12719034888088787,0.12842152596944578,0.10503372736595486,0.00290648751578225,18
0.12514483087416833,0.12489476999684475,0.12339730075657496,0.12574130176043904,0.12457650004877695,0.12460392070401712,0.12591593562500147,0.003284337941024675,0.12244110229315272,19
0.12540316187136286,0.1250384935250261,0.12326004166186023,0.1259716498238697,0.12475744038841123,0.12502443647315586,0.1259107722176027,0.0019140542022917247,0.1227199498364196,20
0.1262320721855551,0.12512442098325888,0.0024240848282435184,0.12626410369564814,0.12598440032988673,0.12589178631950296,0.12507813261137224,0.12003161745168323,0.12296938159484924,21
0.12540316187136286,0.1250384935250261,0.12326004166186023,0.1259716498238697,0.12475744038841123,0.12502443647315586,0.1259107722176027,0.0019140542022917247,0.1227199498364196,22
0.12514483087416833,0.12489476999684475,0.12339730075657496,0.12574130176043904,0.12457650004877695,0.12460392070401712,0.12591593562500147,0.003284337941024675,0.12244110229315272,23
0.12514483087416833,0.12489476999684475,0.12339730075657496,0.12574130176043904,0.12457650004877695,0.12460392070401712,0.12591593562500147,0.003284337941024675,0.12244110229315272,24
0.12540316187136286,0.1250384935250261,0.12326004166186023,0.1259716498238697,0.12475744038841123,0.12502443647315586,0.1259107722176027,0.0019140542022917247,0.1227199498364196,25
0.12457021115892375,0.12422032768071532,0.12258462024308596,0.125101447205173,0.12388032630755441,0.12408785222126506,0.12515587080248852,0.008552612112184462,0.12184673226860954,26
0.12540316187136286,0.1250384935250261,0.12326004166186023,0.1259716498238697,0.12475744038841123,0.12502443647315586,0.1259107722176027,0.0019140542022917247,0.1227199498364196,27
0.12540316187136286,0.1250384935250261,0.12326004166186023,0.1259716498238697,0.12475744038841123,0.12502443647315586,0.1259107722176027,0.0019140542022917247,0.1227199498364196,28
0.13310321955861693,0.09843011873874015,0.13444187840875144,0.1355284691792421,0.13436037048463964,0.13058979464711196,0.13577830844606223,0.002369146811731557,0.09539869372510403,29
0.1251551682752533,0.12472999585996607,0.1235083596349034,0.12580946685750416,0.12474119313764964,0.12474021961060633,0.12587709260269667,0.003047245442488855,0.1223912585789314,30
0.12636276571349045,0.12714918278131554,0.12144076664697548,0.12596290583837041,0.122769333894816,0.1238609308025707,0.1279518009249751,0.0030948046174966845,0.1214075087799897,31
0.1251551682752533,0.12472999585996607,0.1235083596349034,0.12580946685750416,0.12474119313764964,0.12474021961060633,0.12587709260269667,0.003047245442488855,0.1223912585789314,32
0.147692856882442,0.14626350748932895,0.011533620356039508,0.14656783995091596,0.142318090815596,0.14323092790443395,0.15042864320314686,0.10043395961160825,0.01153055378648866,33
0.1246637853207998,0.12511845106533417,0.12246024826618403,0.1251612064548123,0.12351216113248176,0.12408389477857192,0.12622997072176648,0.007026009140088014,0.12174427311996155,34
0.13989326604782928,0.1396901431369689,0.13703398482127319,0.14062053057543622,0.137947367146702,0.13833043680785884,0.13985626407884177,0.015584460738760061,0.011043546646329762,35
0.1251551682752533,0.12472999585996607,0.1235083596349034,0.12580946685750416,0.12474119313764964,0.12474021961060633,0.12587709260269667,0.003047245442488855,0.1223912585789314,36
0.12522783098331647,0.12439190239678438,0.12267912235260894,0.12546263135123534,0.12435900505301424,0.12419207232818075,0.1251522512093651,0.007053985296236211,0.12148119902925866,37
0.14390666867815569,0.14300312633952977,0.016618401456780115,0.1446116564020689,0.14345464886156697,0.143744967640543,0.1446223978535261,0.10365193370252967,0.016386199065299704,38
0.1402225605069392,0.13988760370470313,0.13700238072333285,0.14021034798923737,0.13693068673981695,0.1387495854871264,0.13953376790212704,0.016447166509476013,0.011015900437241117,39
0.1251551682752533,0.12472999585996607,0.1235083596349034,0.12580946685750416,0.12474119313764964,0.12474021961060633,0.12587709260269667,0.003047245442488855,0.1223912585789314,40
0.14922955069635316,0.14697093359595817,0.0009287449315314264,0.14209379710307168,0.1020038698297729,0.1421049249219103,0.1048931942371807,0.07259723676324685,0.13917774792097481,41
0.12514483087416833,0.12489476999684475,0.12339730075657496,0.12574130176043904,0.12457650004877695,0.12460392070401712,0.12591593562500147,0.003284337941024675,0.12244110229315272,42
0.1246637853207998,0.12511845106533417,0.12246024826618403,0.1251612064548123,0.12351216113248176,0.12408389477857192,0.12622997072176648,0.007026009140088014,0.12174427311996155,43
0.1263002578186966,0.12513380677801392,0.1343076350136465,0.12628208794115492,0.12611484679596774,0.1261909918359253,0.12583900672252163,0.10881091293591831,0.00102045415815497,44
0.12476577719837852,0.12448225076203016,0.12340780716096385,0.12542065421413764,0.12424894367400029,0.12393412611650671,0.12518057808709826,0.006877894285891007,0.1216819685009937,45
0.12540316187136286,0.1250384935250261,0.12326004166186023,0.1259716498238697,0.12475744038841123,0.12502443647315586,0.1259107722176027,0.0019140542022917247,0.1227199498364196,46
0.12476577719837852,0.12448225076203016,0.12340780716096385,0.12542065421413764,0.12424894367400029,0.12393412611650671,0.12518057808709826,0.006877894285891007,0.1216819685009937,47
0.12636276571349045,0.12714918278131554,0.12144076664697548,0.12596290583837041,0.122769333894816,0.1238609308025707,0.1279518009249751,0.0030948046174966845,0.1214075087799897,48
0.12514483087416833,0.12489476999684475,0.12339730075657496,0.12574130176043904,0.12457650004877695,0.12460392070401712,0.12591593562500147,0.003284337941024675,0.12244110229315272,49
0.12457021115892375,0.12422032768071532,0.12258462024308596,0.125101447205173,0.12388032630755441,0.12408785222126506,0.12515587080248852,0.008552612112184462,0.12184673226860954,50
0.13989326604782928,0.1396901431369689,0.13703398482127319,0.14062053057543622,0.137947367146702,0.13833043680785884,0.13985626407884177,0.015584460738760061,0.011043546646329762,51
0.12504494902279012,0.12500719314239908,0.12492599899664907,0.12609144273502385,0.12462912710688698,0.12517388867896098,0.1261531556934686,0.0023507458482570007,0.1206234987755644,52
0.12457021115892375,0.12422032768071532,0.12258462024308596,0.125101447205173,0.12388032630755441,0.12408785222126506,0.12515587080248852,0.008552612112184462,0.12184673226860954,53
0.12514483087416833,0.12489476999684475,0.12339730075657496,0.12574130176043904,0.12457650004877695,0.12460392070401712,0.12591593562500147,0.003284337941024675,0.12244110229315272,54
0.12476577719837852,0.12448225076203016,0.12340780716096385,0.12542065421413764,0.12424894367400029,0.12393412611650671,0.12518057808709826,0.006877894285891007,0.1216819685009937,55
0.12457021115892375,0.12422032768071532,0.12258462024308596,0.125101447205173,0.12388032630755441,0.12408785222126506,0.12515587080248852,0.008552612112184462,0.12184673226860954,56
0.12540316187136286,0.1250384935250261,0.12326004166186023,0.1259716498238697,0.12475744038841123,0.12502443647315586,0.1259107722176027,0.0019140542022917247,0.1227199498364196,57
0.12540316187136286,0.1250384935250261,0.12326004166186023,0.1259716498238697,0.12475744038841123,0.12502443647315586,0.1259107722176027,0.0019140542022917247,0.1227199498364196,58
0.12522783098331647,0.12439190239678438,0.12267912235260894,0.12546263135123534,0.12435900505301424,0.12419207232818075,0.1251522512093651,0.007053985296236211,0.12148119902925866,59
0.12476577719837852,0.12448225076203016,0.12340780716096385,0.12542065421413764,0.12424894367400029,0.12393412611650671,0.12518057808709826,0.006877894285891007,0.1216819685009937,60
0.12514483087416833,0.12489476999684475,0.12339730075657496,0.12574130176043904,0.12457650004877695,0.12460392070401712,0.12591593562500147,0.003284337941024675,0.12244110229315272,61
0.13345703732210337,0.13269490223199712,0.1299332278654923,0.1346724948003885,0.13443777597556836,0.13346682820432132,0.13474879424346511,0.013601398355736365,0.05298754100092758,62
0.1246637853207998,0.12511845106533417,0.12246024826618403,0.1251612064548123,0.12351216113248176,0.12408389477857192,0.12622997072176648,0.007026009140088014,0.12174427311996155,63
0.12476577719837852,0.12448225076203016,0.12340780716096385,0.12542065421413764,0.12424894367400029,0.12393412611650671,0.12518057808709826,0.006877894285891007,0.1216819685009937,64
0.12540316187136286,0.1250384935250261,0.12326004166186023,0.1259716498238697,0.12475744038841123,0.12502443647315586,0.1259107722176027,0.0019140542022917247,0.1227199498364196,65
0.12514483087416833,0.12489476999684475,0.12339730075657496,0.12574130176043904,0.12457650004877695,0.12460392070401712,0.12591593562500147,0.003284337941024675,0.12244110229315272,66
0.1251551682752533,0.12472999585996607,0.1235083596349034,0.12580946685750416,0.12474119313764964,0.12474021961060633,0.12587709260269667,0.003047245442488855,0.1223912585789314,67
0.1251551682752533,0.12472999585996607,0.1235083596349034,0.12580946685750416,0.12474119313764964,0.12474021961060633,0.12587709260269667,0.003047245442488855,0.1223912585789314,68
0.13004199328255323,0.12891268483606155,0.12686788638909666,0.13146834965363224,0.13058578477805857,0.12912240804033753,0.13046818587606845,0.08850459544095642,0.004028111703235346,69
0.12636276571349045,0.12714918278131554,0.12144076664697548,0.12596290583837041,0.122769333894816,0.1238609308025707,0.1279518009249751,0.0030948046174966845,0.1214075087799897,70
0.12713986864289095,0.12884111819244642,0.12293372676126611,0.12455012662026081,0.12280593418578674,0.12234577759564068,0.12746027051026215,0.002200794709186104,0.12172238278226018,71
0.1254790996966182,0.1275498210930459,0.0011003746351483166,0.12521135303744166,0.12206854054029354,0.12321516916340598,0.1272618965949052,0.08468617817865007,0.163427567060491,72
0.1251551682752533,0.12472999585996607,0.1235083596349034,0.12580946685750416,0.12474119313764964,0.12474021961060633,0.12587709260269667,0.003047245442488855,0.1223912585789314,73
0.1254790996966182,0.1275498210930459,0.0011003746351483166,0.12521135303744166,0.12206854054029354,0.12321516916340598,0.1272618965949052,0.08468617817865007,0.163427567060491,74
0.1254790996966182,0.1275498210930459,0.0011003746351483166,0.12521135303744166,0.12206854054029354,0.12321516916340598,0.1272618965949052,0.08468617817865007,0.163427567060491,75
0.13335751148793965,0.1323268107260746,0.12878479992873887,0.13415147784208403,0.13200418611328957,0.1331935503106821,0.13366945839340016,0.0040656868206370616,0.06844651837715379,76
0.12514483087416833,0.12489476999684475,0.12339730075657496,0.12574130176043904,0.12457650004877695,0.12460392070401712,0.12591593562500147,0.003284337941024675,0.12244110229315272,77
0.12538062392313498,0.12432163737763408,0.12447042757641856,0.12517808427933452,0.12316953308994244,0.1231020628716555,0.124601656245164,0.00747458849097599,0.12230138614574003,78
0.1251551682752533,0.12472999585996607,0.1235083596349034,0.12580946685750416,0.12474119313764964,0.12474021961060633,0.12587709260269667,0.003047245442488855,0.1223912585789314,79
0.12587061799302973,0.12529165130107336,0.12431479914756516,0.1265136755940112,0.12429752499256136,0.12406459044793511,0.126306805847372,0.0022512115292188575,0.12108912314723329,80
0.1251551682752533,0.12472999585996607,0.1235083596349034,0.12580946685750416,0.12474119313764964,0.12474021961060633,0.12587709260269667,0.003047245442488855,0.1223912585789314,81
0.12468289925013051,0.1228220488824506,0.1298547192996639,0.12481228993549816,0.12379864273912711,0.12496198912552145,0.12375560036437366,0.1247833460240873,0.0005284643791471779,82
0.12540316187136286,0.1250384935250261,0.12326004166186023,0.1259716498238697,0.12475744038841123,0.12502443647315586,0.1259107722176027,0.0019140542022917247,0.1227199498364196,83
0.13331157319570816,0.1311436486641355,0.13068496466465335,0.13331135660598722,0.13254003170170187,0.1334202557947106,0.13392741578323109,0.0028036149052094593,0.06885713868466276,84
0.12436080142657943,0.12363143023897552,0.12399405653939946,0.12515902614583832,0.12351844545014394,0.1231318122017281,0.12506215786937616,0.009055115155843152,0.12208715497211595,85
0.1246637853207998,0.12511845106533417,0.12246024826618403,0.1251612064548123,0.12351216113248176,0.12408389477857192,0.12622997072176648,0.007026009140088014,0.12174427311996155,86
0.14058513700765046,0.1414947591125737,0.1348705786796555,0.14058730877523942,0.13564254821081076,0.1365051163003309,0.14358067677472686,0.013728308863084737,0.013005566275927777,87
0.14455399014681247,0.14094891435708282,0.09862394065463155,0.13752535006001726,0.09870571910533724,0.13743203213827496,0.1402073400706857,0.0025527175148881607,0.09944999595226985,88
0.1251551682752533,0.12472999585996607,0.1235083596349034,0.12580946685750416,0.12474119313764964,0.12474021961060633,0.12587709260269667,0.003047245442488855,0.1223912585789314,89
0.1246637853207998,0.12511845106533417,0.12246024826618403,0.1251612064548123,0.12351216113248176,0.12408389477857192,0.12622997072176648,0.007026009140088014,0.12174427311996155,90
0.12457021115892375,0.12422032768071532,0.12258462024308596,0.125101447205173,0.12388032630755441,0.12408785222126506,0.12515587080248852,0.008552612112184462,0.12184673226860954,91
0.12962209589165496,0.12890266400523742,0.12646509759491587,0.13008831520673167,0.13019333329219548,0.12999786190105533,0.13068648148842282,0.0021005539719736676,0.09194359664781278,92
0.12457021115892375,0.12422032768071532,0.12258462024308596,0.125101447205173,0.12388032630755441,0.12408785222126506,0.12515587080248852,0.008552612112184462,0.12184673226860954,93
0.12540316187136286,0.1250384935250261,0.12326004166186023,0.1259716498238697,0.12475744038841123,0.12502443647315586,0.1259107722176027,0.0019140542022917247,0.1227199498364196,94
0.1250264892038056,0.12507217861225567,0.12408801864675828,0.1261664407761261,0.12471484325613583,0.125495783470162,0.12614799893646786,0.0020680088953051123,0.12122023820298358,95
0.1246637853207998,0.12511845106533417,0.12246024826618403,0.1251612064548123,0.12351216113248176,0.12408389477857192,0.12622997072176648,0.007026009140088014,0.12174427311996155,96
0.1246637853207998,0.12511845106533417,0.12246024826618403,0.1251612064548123,0.12351216113248176,0.12408389477857192,0.12622997072176648,0.007026009140088014,0.12174427311996155,97
0.1250264892038056,0.12507217861225567,0.12408801864675828,0.1261664407761261,0.12471484325613583,0.125495783470162,0.12614799893646786,0.0020680088953051123,0.12122023820298358,98
0.12542577419009682,0.12497760780362713,0.12409648405538974,0.12590087997761074,0.1246757673492487,0.12470782411395875,0.12592003230652046,0.002175813631065443,0.1221198165724822,99
0.157729328959147,0.1528588920821131,0.07775036129832318,0.14852510799249638,0.10623981484832719,0.14988314447000378,0.15308718706710284,0.04665819882506384,0.007267964457422769,100
0.12808949441426926,0.12901756294521027,0.12414641984196374,0.12738701437455835,0.12407296104710983,0.1249948250407045,0.13040723382900343,0.11110992165097588,0.0007745668562045998,101
0.1250264892038056,0.12507217861225567,0.12408801864675828,0.1261664407761261,0.12471484325613583,0.125495783470162,0.12614799893646786,0.0020680088953051123,0.12122023820298358,102
0.12476577719837852,0.12448225076203016,0.12340780716096385,0.12542065421413764,0.12424894367400029,0.12393412611650671,0.12518057808709826,0.006877894285891007,0.1216819685009937,103
0.12540316187136286,0.1250384935250261,0.12326004166186023,0.1259716498238697,0.12475744038841123,0.12502443647315586,0.1259107722176027,0.0019140542022917247,0.1227199498364196,104
0.1246637853207998,0.12511845106533417,0.12246024826618403,0.1251612064548123,0.12351216113248176,0.12408389477857192,0.12622997072176648,0.007026009140088014,0.12174427311996155,105
0.1246637853207998,0.12511845106533417,0.12246024826618403,0.1251612064548123,0.12351216113248176,0.12408389477857192,0.12622997072176648,0.007026009140088014,0.12174427311996155,106
0.1254790996966182,0.1275498210930459,0.0011003746351483166,0.12521135303744166,0.12206854054029354,0.12321516916340598,0.1272618965949052,0.08468617817865007,0.163427567060491,107
0.1251551682752533,0.12472999585996607,0.1235083596349034,0.12580946685750416,0.12474119313764964,0.12474021961060633,0.12587709260269667,0.003047245442488855,0.1223912585789314,108
0.1246637853207998,0.12511845106533417,0.12246024826618403,0.1251612064548123,0.12351216113248176,0.12408389477857192,0.12622997072176648,0.007026009140088014,0.12174427311996155,109
0.1501818514210289,0.1454592686381693,0.10316300592835466,0.10474576189450638,0.10233406836948382,0.14320999101535664,0.14647017802831933,0.0018146308047107705,0.1026212439000703,110
0.12540316187136286,0.1250384935250261,0.12326004166186023,0.1259716498238697,0.12475744038841123,0.12502443647315586,0.1259107722176027,0.0019140542022917247,0.1227199498364196,111
0.12872031299198497,0.12788824494026463,0.09104373744329394,0.12900706900550102,0.12859045485949167,0.12828309421866732,0.12936642197014198,0.010209314215447848,0.1268913503552066,112
0.12647073828654445,0.12737305652566847,0.12125226224851592,0.12630311159737204,0.12234463863420848,0.12434652651866925,0.128120815762738,0.0019566441093325196,0.12183220631695094,113
0.1246637853207998,0.12511845106533417,0.12246024826618403,0.1251612064548123,0.12351216113248176,0.12408389477857192,0.12622997072176648,0.007026009140088014,0.12174427311996155,114
0.14058513700765046,0.1414947591125737,0.1348705786796555,0.14058730877523942,0.13564254821081076,0.1365051163003309,0.14358067677472686,0.013728308863084737,0.013005566275927777,115
0.14922955069635316,0.14697093359595817,0.0009287449315314264,0.14209379710307168,0.1020038698297729,0.1421049249219103,0.1048931942371807,0.07259723676324685,0.13917774792097481,116
0.15064645939932403,0.14543182093887158,0.10248291562753284,0.10459247748039034,0.10237727728009689,0.14268361811521396,0.14620652520023014,0.0016796745156041546,0.103899231442736,117
0.15068913729360256,0.14537597175420883,0.10318898802071094,0.10454448136487954,0.10232078967087496,0.14233693948039672,0.14623233287988832,0.0019095775847825756,0.10340178195065557,118
0.1348723235067346,0.13348770229653292,0.12856165552638973,0.13337731156473334,0.12993259913233882,0.13186020714242022,0.136028347413132,0.0030153235755767224,0.06886452984214161,119
0.13411935141968126,0.1339360010343996,0.12971921992868835,0.1341698821946864,0.12988220731337013,0.13162702740310375,0.1359924492813469,0.06704702707278419,0.0035068343519394068,120
0.12540316187136286,0.1250384935250261,0.12326004166186023,0.1259716498238697,0.12475744038841123,0.12502443647315586,0.1259107722176027,0.0019140542022917247,0.1227199498364196,121
0.1251551682752533,0.12472999585996607,0.1235083596349034,0.12580946685750416,0.12474119313764964,0.12474021961060633,0.12587709260269667,0.003047245442488855,0.1223912585789314,122
0.12497236083906824,0.12535627028661533,0.12235383454285245,0.12565216637797474,0.12448599149996926,0.12525953359780648,0.12575141371159984,0.0037106132658823784,0.12245781587823132,123
0.1251551682752533,0.12472999585996607,0.1235083596349034,0.12580946685750416,0.12474119313764964,0.12474021961060633,0.12587709260269667,0.003047245442488855,0.1223912585789314,124
0.12514483087416833,0.12489476999684475,0.12339730075657496,0.12574130176043904,0.12457650004877695,0.12460392070401712,0.12591593562500147,0.003284337941024675,0.12244110229315272,125
0.12514483087416833,0.12489476999684475,0.12339730075657496,0.12574130176043904,0.12457650004877695,0.12460392070401712,0.12591593562500147,0.003284337941024675,0.12244110229315272,126
0.12476577719837852,0.12448225076203016,0.12340780716096385,0.12542065421413764,0.12424894367400029,0.12393412611650671,0.12518057808709826,0.006877894285891007,0.1216819685009937,127
0.12556201019292998,0.12501806254626988,0.12359035192396173,0.12555472027295622,0.12393262596339731,0.12523013196983898,0.12569919322189915,0.0032188084598291766,0.12219409544891759,128
0.12540316187136286,0.1250384935250261,0.12326004166186023,0.1259716498238697,0.12475744038841123,0.12502443647315586,0.1259107722176027,0.0019140542022917247,0.1227199498364196,129
0.1263002578186966,0.12513380677801392,0.1343076350136465,0.12628208794115492,0.12611484679596774,0.1261909918359253,0.12583900672252163,0.10881091293591831,0.00102045415815497,130
0.12837484069383262,0.12864250140782307,0.09171959704214754,0.13008345586243023,0.12819026339362266,0.12874815334344222,0.13002892427088233,0.007974072332775644,0.1262381916530439,131
0.1263002578186966,0.12513380677801392,0.1343076350136465,0.12628208794115492,0.12611484679596774,0.1261909918359253,0.12583900672252163,0.10881091293591831,0.00102045415815497,132
0.13957195424119048,0.13891893906318883,0.13705224340932667,0.14135237763338934,0.13726451726196837,0.13785033730277957,0.1403236319071199,0.011285749077526183,0.01638025010351063,133
0.12514483087416833,0.12489476999684475,0.12339730075657496,0.12574130176043904,0.12457650004877695,0.12460392070401712,0.12591593562500147,0.003284337941024675,0.12244110229315272,134
0.1251551682752533,0.12472999585996607,0.1235083596349034,0.12580946685750416,0.12474119313764964,0.12474021961060633,0.12587709260269667,0.003047245442488855,0.1223912585789314,135
0.13045867528401683,0.1478759746314103,0.14663131983184272,0.14931795022253844,0.08784155354679024,0.08781407643527496,0.14900533264546084,0.01421763284726012,0.0868374845554057,136
0.1254790996966182,0.1275498210930459,0.0011003746351483166,0.12521135303744166,0.12206854054029354,0.12321516916340598,0.1272618965949052,0.08468617817865007,0.163427567060491,137
0.13034288273187553,0.13198844067797114,0.09106287907667493,0.13007121359099327,0.12668875680795616,0.12786636349970923,0.13268201524853382,0.0033664568896935496,0.1259309914765923,138
0.13674898371020508,0.13678678835087524,0.13078480532902925,0.13602111654692747,0.13112598280049179,0.13445741316581178,0.1377876543812193,0.047450710221630166,0.00883654549381006,139
0.12459300364264474,0.1240376398186708,0.12240221385004034,0.12443025173083878,0.12402859698806645,0.12410072663008184,0.12517437314899504,0.00983782065528671,0.12139537353537543,140
0.1300558822733521,0.1289114935353922,0.1259001077556568,0.12945000442300353,0.12481788748747318,0.12770506589412603,0.13127609857245506,0.0036362280155350863,0.09824723204300599,141
0.1249111979720253,0.1237436155061673,0.12313512371577516,0.12489813011403125,0.12297361363207707,0.12438410019842788,0.12509136059416523,0.008948254404459165,0.12191460386287153,142
0.12540316187136286,0.1250384935250261,0.12326004166186023,0.1259716498238697,0.12475744038841123,0.12502443647315586,0.1259107722176027,0.0019140542022917247,0.1227199498364196,143
0.12677118944911614,0.12744048054048812,0.12151913972289304,0.12570552454396258,0.12197129324966254,0.12434509092326028,0.127768607244429,0.003268984828449894,0.1212096894977385,144
0.1355392511948646,0.13524058555395588,0.13444786376551152,0.13567184380131048,0.13557716640227166,0.1342417101577128,0.13639867628383953,0.05002515512569387,0.002857747714839658,145
0.13674898371020508,0.13678678835087524,0.13078480532902925,0.13602111654692747,0.13112598280049179,0.13445741316581178,0.1377876543812193,0.047450710221630166,0.00883654549381006,146
0.1254790996966182,0.1275498210930459,0.0011003746351483166,0.12521135303744166,0.12206854054029354,0.12321516916340598,0.1272618965949052,0.08468617817865007,0.163427567060491,147
0.12457021115892375,0.12422032768071532,0.12258462024308596,0.125101447205173,0.12388032630755441,0.12408785222126506,0.12515587080248852,0.008552612112184462,0.12184673226860954,148
0.1254790996966182,0.1275498210930459,0.0011003746351483166,0.12521135303744166,0.12206854054029354,0.12321516916340598,0.1272618965949052,0.08468617817865007,0.163427567060491,149
0.1246637853207998,0.12511845106533417,0.12246024826618403,0.1251612064548123,0.12351216113248176,0.12408389477857192,0.12622997072176648,0.007026009140088014,0.12174427311996155,150
0.1251551682752533,0.12472999585996607,0.1235083596349034,0.12580946685750416,0.12474119313764964,0.12474021961060633,0.12587709260269667,0.003047245442488855,0.1223912585789314,151
0.12647073828654445,0.12737305652566847,0.12125226224851592,0.12630311159737204,0.12234463863420848,0.12434652651866925,0.128120815762738,0.0019566441093325196,0.12183220631695094,152
0.1355392511948646,0.13524058555395588,0.13444786376551152,0.13567184380131048,0.13557716640227166,0.1342417101577128,0.13639867628383953,0.05002515512569387,0.002857747714839658,153
0.12540316187136286,0.1250384935250261,0.12326004166186023,0.1259716498238697,0.12475744038841123,0.12502443647315586,0.1259107722176027,0.0019140542022917247,0.1227199498364196,154
0.12556201019292998,0.12501806254626988,0.12359035192396173,0.12555472027295622,0.12393262596339731,0.12523013196983898,0.12569919322189915,0.0032188084598291766,0.12219409544891759,155
0.1251551682752533,0.12472999585996607,0.1235083596349034,0.12580946685750416,0.12474119313764964,0.12474021961060633,0.12587709260269667,0.003047245442488855,0.1223912585789314,156
0.12540316187136286,0.1250384935250261,0.12326004166186023,0.1259716498238697,0.12475744038841123,0.12502443647315586,0.1259107722176027,0.0019140542022917247,0.1227199498364196,157
0.12512448796776324,0.12502666828691025,0.12173621143431801,0.12520212272880815,0.12362060813494645,0.12434118537577908,0.12620042458418246,0.007205836196136255,0.12154245529115608,158
0.1249111979720253,0.1237436155061673,0.12313512371577516,0.12489813011403125,0.12297361363207707,0.12438410019842788,0.12509136059416523,0.008948254404459165,0.12191460386287153,159
0.12419745472645696,0.12488922992400626,0.1227002184177931,0.1251056296553029,0.12338610513132788,0.12471869032747777,0.1247630819743284,0.00956736764356977,0.12067222219973686,160
0.12514483087416833,0.12489476999684475,0.12339730075657496,0.12574130176043904,0.12457650004877695,0.12460392070401712,0.12591593562500147,0.003284337941024675,0.12244110229315272,161
0.12455549814831425,0.12446422472422984,0.12174186902124011,0.12518816637747995,0.1239278191385743,0.12441265980477516,0.12496018806630095,0.008966534962159822,0.12178303975692546,162
0.1251551682752533,0.12472999585996607,0.1235083596349034,0.12580946685750416,0.12474119313764964,0.12474021961060633,0.12587709260269667,0.003047245442488855,0.1223912585789314,163
0.03931400817743209,0.18049972692074437,0.03769182100265687,0.17445954985573858,0.038031391204838456,0.038653687221501545,0.18117792385964726,0.13691280072231238,0.17325909103512846,164
0.09912510013924986,0.09880259203756875,0.06991984662636172,0.09905790701218391,0.09456824709342035,0.09515424104107244,0.10085385637516911,0.34227064378609456,0.0002475658888793473,165
0.1254790996966182,0.1275498210930459,0.0011003746351483166,0.12521135303744166,0.12206854054029354,0.12321516916340598,0.1272618965949052,0.08468617817865007,0.163427567060491,166
0.1249111979720253,0.1237436155061673,0.12313512371577516,0.12489813011403125,0.12297361363207707,0.12438410019842788,0.12509136059416523,0.008948254404459165,0.12191460386287153,167
0.12781659928836883,0.12792539332469657,0.1271401037149742,0.12818885901172514,0.12852601506127107,0.127637625967451,0.12959441242633674,0.10238346629516654,0.0007875249100098401,168
0.1413017478249529,0.14180123265652436,0.09760878605936503,0.14026312268299143,0.13534291273626506,0.13878286017716515,0.14292606806346506,0.05284913061108073,0.009124139188190241,169
0.1246637853207998,0.12511845106533417,0.12246024826618403,0.1251612064548123,0.12351216113248176,0.12408389477857192,0.12622997072176648,0.007026009140088014,0.12174427311996155,170
0.1280735000878255,0.1271096450189228,0.12339247243733327,0.1279508037881313,0.12523037734332984,0.12699505707143133,0.12884579629278453,0.10951313998589514,0.0028892079743462976,171
0.1246637853207998,0.12511845106533417,0.12246024826618403,0.1251612064548123,0.12351216113248176,0.12408389477857192,0.12622997072176648,0.007026009140088014,0.12174427311996155,172
0.12494765913155961,0.1233183639681055,0.12380188486931032,0.12414082739999618,0.12307248136284159,0.12407109526632715,0.1253046157793131,0.009817673286846481,0.12152539893570004,173
0.12647073828654445,0.12737305652566847,0.12125226224851592,0.12630311159737204,0.12234463863420848,0.12434652651866925,0.128120815762738,0.0019566441093325196,0.12183220631695094,174
0.13580656761388576,0.13484135016027637,0.13044347487335384,0.13554140653075744,0.13028784005874963,0.13269318235415262,0.13690741290398967,0.054610882870609986,0.00886788263422464,175
0.12978363570377244,0.1300222100824263,0.12922080898529545,0.13132974546776813,0.12858403381133704,0.12815138401991172,0.13101858732380384,0.08703010594063479,0.004859488665050348,176
0.12542577419009682,0.12497760780362713,0.12409648405538974,0.12590087997761074,0.1246757673492487,0.12470782411395875,0.12592003230652046,0.002175813631065443,0.1221198165724822,177
0.1246637853207998,0.12511845106533417,0.12246024826618403,0.1251612064548123,0.12351216113248176,0.12408389477857192,0.12622997072176648,0.007026009140088014,0.12174427311996155,178
0.13335751148793965,0.1323268107260746,0.12878479992873887,0.13415147784208403,0.13200418611328957,0.1331935503106821,0.13366945839340016,0.0040656868206370616,0.06844651837715379,179
0.12540316187136286,0.1250384935250261,0.12326004166186023,0.1259716498238697,0.12475744038841123,0.12502443647315586,0.1259107722176027,0.0019140542022917247,0.1227199498364196,180
0.1251551682752533,0.12472999585996607,0.1235083596349034,0.12580946685750416,0.12474119313764964,0.12474021961060633,0.12587709260269667,0.003047245442488855,0.1223912585789314,181
0.13323085167682067,0.13198786472553306,0.13169823828472496,0.13182194714784634,0.13134018036295814,0.13191680573213635,0.13348722166854607,0.003854842972288979,0.07066204742914535,182
0.12556201019292998,0.12501806254626988,0.12359035192396173,0.12555472027295622,0.12393262596339731,0.12523013196983898,0.12569919322189915,0.0032188084598291766,0.12219409544891759,183
0.03553284414623678,0.035857294124438804,0.00033604920198658267,0.03528375240990229,0.0346737727983807,0.03501289967126894,0.035686193964183315,0.7872350217056961,0.00038217197790651867,184
0.12540316187136286,0.1250384935250261,0.12326004166186023,0.1259716498238697,0.12475744038841123,0.12502443647315586,0.1259107722176027,0.0019140542022917247,0.1227199498364196,185
0.13060889941240036,0.12730000878977174,0.09186993314271072,0.12830666446995806,0.1297573459753841,0.12782986525454917,0.12920980411806643,0.007570844137515819,0.1275466346996436,186
0.12636276571349045,0.12714918278131554,0.12144076664697548,0.12596290583837041,0.122769333894816,0.1238609308025707,0.1279518009249751,0.0030948046174966845,0.1214075087799897,187
0.13556327412877006,0.1367401074811008,0.13016256164489454,0.13525094298976276,0.12985901904988809,0.13437128569174092,0.13657292855145226,0.05277835513758258,0.008701525324808109,188
0.12885321724854595,0.12705989064712225,0.1271815684208344,0.1301959919303642,0.12802259962348742,0.12885195068701377,0.13027134491737571,0.005111834921942817,0.09445160160331349,189
0.12514483087416833,0.12489476999684475,0.12339730075657496,0.12574130176043904,0.12457650004877695,0.12460392070401712,0.12591593562500147,0.003284337941024675,0.12244110229315272,190
0.12457021115892375,0.12422032768071532,0.12258462024308596,0.125101447205173,0.12388032630755441,0.12408785222126506,0.12515587080248852,0.008552612112184462,0.12184673226860954,191
0.12476577719837852,0.12448225076203016,0.12340780716096385,0.12542065421413764,0.12424894367400029,0.12393412611650671,0.12518057808709826,0.006877894285891007,0.1216819685009937,192
0.14147701980357907,0.14218307143525916,0.006588941938850237,0.1400433883979244,0.13663138519435714,0.13741499143651661,0.14233753235138746,0.1442326021585186,0.009091067283607384,193
0.1246637853207998,0.12511845106533417,0.12246024826618403,0.1251612064548123,0.12351216113248176,0.12408389477857192,0.12622997072176648,0.007026009140088014,0.12174427311996155,194
0.12669197708821142,0.1285196366527618,0.12271922989680982,0.12394824867719775,0.12318103567452991,0.12298149562627138,0.1270714071171694,0.002127109521030228,0.12275985974601816,195
0.1251551682752533,0.12472999585996607,0.1235083596349034,0.12580946685750416,0.12474119313764964,0.12474021961060633,0.12587709260269667,0.003047245442488855,0.1223912585789314,196
0.10168349755985907,0.10225055169129695,0.09739900635723296,0.10149915336797326,0.09767399078404065,0.09967426867368649,0.1025903130119554,0.29698848029921804,0.0002407382547371654,197
0.12647073828654445,0.12737305652566847,0.12125226224851592,0.12630311159737204,0.12234463863420848,0.12434652651866925,0.128120815762738,0.0019566441093325196,0.12183220631695094,198
0.12514483087416833,0.12489476999684475,0.12339730075657496,0.12574130176043904,0.12457650004877695,0.12460392070401712,0.12591593562500147,0.003284337941024675,0.12244110229315272,199
0.13989326604782928,0.1396901431369689,0.13703398482127319,0.14062053057543622,0.137947367146702,0.13833043680785884,0.13985626407884177,0.015584460738760061,0.011043546646329762,200
0.13093747228124306,0.13035596336381014,0.12897956083948106,0.13220361693252133,0.12992221225322112,0.12860271677656857,0.13201166157002533,0.08205319658706135,0.004933599396067918,201
0.14390666867815569,0.14300312633952977,0.016618401456780115,0.1446116564020689,0.14345464886156697,0.143744967640543,0.1446223978535261,0.10365193370252967,0.016386199065299704,202
0.1246637853207998,0.12511845106533417,0.12246024826618403,0.1251612064548123,0.12351216113248176,0.12408389477857192,0.12622997072176648,0.007026009140088014,0.12174427311996155,203
0.1413017478249529,0.14180123265652436,0.09760878605936503,0.14026312268299143,0.13534291273626506,0.13878286017716515,0.14292606806346506,0.05284913061108073,0.009124139188190241,204
0.12514483087416833,0.12489476999684475,0.12339730075657496,0.12574130176043904,0.12457650004877695,0.12460392070401712,0.12591593562500147,0.003284337941024675,0.12244110229315272,205
0.1254790996966182,0.1275498210930459,0.0011003746351483166,0.12521135303744166,0.12206854054029354,0.12321516916340598,0.1272618965949052,0.08468617817865007,0.163427567060491,206
0.12542577419009682,0.12497760780362713,0.12409648405538974,0.12590087997761074,0.1246757673492487,0.12470782411395875,0.12592003230652046,0.002175813631065443,0.1221198165724822,207
0.12556201019292998,0.12501806254626988,0.12359035192396173,0.12555472027295622,0.12393262596339731,0.12523013196983898,0.12569919322189915,0.0032188084598291766,0.12219409544891759,208
0.12542577419009682,0.12497760780362713,0.12409648405538974,0.12590087997761074,0.1246757673492487,0.12470782411395875,0.12592003230652046,0.002175813631065443,0.1221198165724822,209
0.12504494902279012,0.12500719314239908,0.12492599899664907,0.12609144273502385,0.12462912710688698,0.12517388867896098,0.1261531556934686,0.0023507458482570007,0.1206234987755644,210
0.1254790996966182,0.1275498210930459,0.0011003746351483166,0.12521135303744166,0.12206854054029354,0.12321516916340598,0.1272618965949052,0.08468617817865007,0.163427567060491,211
0.1246637853207998,0.12511845106533417,0.12246024826618403,0.1251612064548123,0.12351216113248176,0.12408389477857192,0.12622997072176648,0.007026009140088014,0.12174427311996155,212
0.12476577719837852,0.12448225076203016,0.12340780716096385,0.12542065421413764,0.12424894367400029,0.12393412611650671,0.12518057808709826,0.006877894285891007,0.1216819685009937,213
0.12669197708821142,0.1285196366527618,0.12271922989680982,0.12394824867719775,0.12318103567452991,0.12298149562627138,0.1270714071171694,0.002127109521030228,0.12275985974601816,214
0.12514483087416833,0.12489476999684475,0.12339730075657496,0.12574130176043904,0.12457650004877695,0.12460392070401712,0.12591593562500147,0.003284337941024675,0.12244110229315272,215
0.12421503221121766,0.12464741693671826,0.12355249502290969,0.1250218933062138,0.12334170623218571,0.1243959947840328,0.1249613802832168,0.009125922064415669,0.12073815915908953,216
0.12522783098331647,0.12439190239678438,0.12267912235260894,0.12546263135123534,0.12435900505301424,0.12419207232818075,0.1251522512093651,0.007053985296236211,0.12148119902925866,217
