class1,class2,class3,class4,class5,class6,class7,class8,class9,ID
0.2652020394579555,0.1000839410163949,0.058650378279684966,0.1107987704093008,0.05876940752144369,0.08534363794432523,0.19634503895182237,0.05874375862168428,0.0660630277973883,0
0.11844408886142475,0.13601514658397337,0.08511241235861979,0.20353193228929378,0.07307982876801564,0.0970959067888976,0.16853704112881282,0.05978251950157612,0.05840112371938606,1
0.09999767981185598,0.09271743110730497,0.09259436689306287,0.1876558453699949,0.10287430147686849,0.07232433026921471,0.21414387066022306,0.06886170883474904,0.06883046557672598,2
0.11052531841387644,0.1581393617205816,0.07353712577722042,0.11189781991709584,0.07035509033862626,0.11225609443898946,0.23957983968881494,0.06087394378091313,0.06283540592388184,3
0.14798984937062154,0.09485204360022055,0.07898948561075676,0.127904317585973,0.09007555465864218,0.09316254065757328,0.20293261539508942,0.074649096333743,0.08944449678738028,4
0.1015726386034467,0.1282522307032044,0.07839063325682279,0.23004823566504595,0.06880035594672392,0.11418339004386781,0.15870985941761045,0.059450893281770806,0.060591763081507044,5
0.12482461794954301,0.1600386696658265,0.09900612236911968,0.14747034768116482,0.09341724665198729,0.08808292810505838,0.13728251660079202,0.07850597474976581,0.07137157622674255,6
0.3110219478150717,0.12507881751548147,0.05267363803763987,0.08795077788723427,0.06542210752955327,0.07354029901346393,0.15082411862472134,0.05622384305280047,0.07726445052403369,7
0.14786422330508245,0.12720624776866502,0.06815887029560387,0.177233836141979,0.061369482180855264,0.06294844509471315,0.22082688455335442,0.0662794078941988,0.06811260276554813,8
0.13051772663646496,0.12635370058223347,0.07204570965143987,0.16626145359906172,0.08478424165349872,0.10380675074604037,0.1727361696588962,0.06987827119506582,0.07361597627729867,9
0.11173100334476757,0.12414965448254152,0.06289315627095128,0.13986075870069375,0.1163144471039288,0.10515864342049122,0.20804974284704628,0.06546416456777021,0.06637842926180934,10
0.14288321265832327,0.1143476305904226,0.06797865604281951,0.17801894385232853,0.09115049740049337,0.09429945248275719,0.18392002144475408,0.06196356185200244,0.0654380236760991,11
0.07378627802980531,0.09637008801272984,0.06347884143640506,0.09202796229097734,0.07396429677890573,0.06862242861242332,0.43304527029751383,0.048411662926955604,0.050293171614283864,12
0.16776908874507748,0.09615156794861818,0.08377308784509564,0.15028127544838182,0.08835287772588789,0.06844889922601254,0.2098000382741859,0.0677625704302676,0.06766059435647272,13
0.08953044128083712,0.09535107525339541,0.07491459642196781,0.26235760856986146,0.09843897613116215,0.11259599793268849,0.13716785921652522,0.06217233475984917,0.06747111043371322,14
0.1328866770733583,0.12642514504541896,0.07766528469969838,0.0971006857322868,0.1257969589030819,0.095579825626676,0.21194486092967846,0.06629702107903655,0.06630354091076475,15
0.31811033245550974,0.09872905333849159,0.05998648926661849,0.0949184307693687,0.05986885426126591,0.07938665461378577,0.1664042815865394,0.06011530510010905,0.06248059860831127,16
0.13807538529215527,0.08749624552698074,0.08181656684304976,0.2258719657951035,0.11605339521453627,0.10504743379049078,0.10728815333206937,0.06751593239227574,0.07083492181333877,17
0.19700118466049157,0.10984672895545504,0.07002542701510305,0.1514798720416612,0.07570165527862019,0.13921526669791576,0.1148135363759806,0.07018005089114644,0.07173627808362633,18
0.1460104731755269,0.12977755753554254,0.08879550628683266,0.16065568889167522,0.0998473938482581,0.09230987876545192,0.14286322208838842,0.06989900676453493,0.0698412726437893,19
0.11430362618701792,0.08200233589416485,0.059423083663605894,0.3045457295445739,0.06487753606699449,0.11998313874258133,0.14349528121775434,0.05451224396788287,0.05685702471542447,20
0.1115917434238473,0.10046571736068918,0.07738767956306766,0.21891890943841155,0.08714272840161871,0.10345478933136547,0.15145838531410521,0.0769390774284528,0.07264096973844215,21
0.15389330070354204,0.09057209767289795,0.08342893855710372,0.1709732828848144,0.10930214083763647,0.14484769551433826,0.11934411380330273,0.06453677039536544,0.06310165963099897,22
0.13508719940167405,0.09067441284189165,0.07342483847083743,0.18819939995290746,0.0656918844127586,0.0709317010517306,0.2393254049879136,0.06484083828682191,0.07182432059346479,23
0.09591642027347673,0.10242428860721468,0.0626820026399,0.15673698781439926,0.1833802018367032,0.0753447957269103,0.20104979023098157,0.05593389249765745,0.06653162037275695,24
0.12715130953703507,0.11784320330137542,0.0718031425635498,0.11981148594224661,0.09861275219477167,0.14908281737565654,0.17507520931824924,0.07147093924619345,0.0691491405209223,25
0.09029898699048099,0.09073287674136389,0.06685160076599655,0.236546878870947,0.09205633050913088,0.07858390077601503,0.21596359426308767,0.06033730318101452,0.06862852790196343,26
0.13776238022673898,0.09297558257657805,0.06988200752605535,0.17780982037600063,0.11216902741128221,0.13264205767224632,0.14672642659998195,0.06375370820565886,0.06627898940545761,27
0.11995078562243451,0.11953555596890474,0.07453509354111297,0.14897680362549978,0.14745808202946276,0.08742780368783258,0.1566279531863203,0.07183476620872535,0.073653156129707,28
0.1569204461446585,0.09412532220030424,0.09458419925224577,0.19029448853725356,0.09363571742817012,0.09587423215121509,0.14806528544436123,0.06439104321459418,0.06210926562719724,29
0.15763302566125872,0.11567895742404653,0.08177837889187282,0.15825021996953367,0.08495651931285371,0.07838336631387315,0.2027188085304764,0.060284708749376505,0.06031601514670868,30
0.09965792892377809,0.14712322828986563,0.0819227349607071,0.10166805393641558,0.07520000574792518,0.09436308119797035,0.2558396124091057,0.07551602865641906,0.0687093258778133,31
0.09871960346774719,0.10773187321613827,0.08587864085105328,0.2388642281542041,0.09027749067588887,0.0686543088996608,0.17901771422631965,0.062341622848785264,0.06851451766020258,32
0.10137461802835113,0.0939884957772816,0.09303077176169078,0.12856744415845056,0.07391345154251337,0.11801263191211174,0.24567739566305818,0.07399041860970429,0.07144477254683847,33
0.17885039092481345,0.13571153549128592,0.07482269724548565,0.09017014048935862,0.11106393966081254,0.07950456533363925,0.1987890896488988,0.06635872992483492,0.06472891128087094,34
0.1329584422698991,0.11439773470182421,0.06158595470589851,0.16307600063820665,0.07513328981570842,0.10055136662369953,0.23059630645464654,0.06126674525387813,0.06043415953623894,35
0.1513741781861244,0.11925965672993065,0.0765647597470572,0.19434943525829987,0.07669246659855697,0.07886188120355138,0.16559057446108358,0.06532961790836073,0.07197742990703536,36
0.13526556965674533,0.09043611744658744,0.08407332094677036,0.24180854642070526,0.09234455448445067,0.0712945493362642,0.15988312534024804,0.06185822251297421,0.06303599385525444,37
0.09011797723790335,0.10362297609115796,0.08491229705532057,0.18508462199790363,0.11733817791640357,0.10972767005570487,0.15780494157680036,0.07487442898370952,0.07651690908509608,38
0.14712353114349186,0.15863337541622585,0.07905295712251584,0.16253834543792584,0.09055045983739586,0.09413183140635631,0.1296333552057021,0.07147091106644293,0.06686523336394358,39
0.09868742073359589,0.09622754017578886,0.10805906382434843,0.23846792175969866,0.08611114922699069,0.09137683497522556,0.15019615684241416,0.0673101049251106,0.06356380753682693,40
0.27380104927968607,0.12678235845645744,0.05533434691581686,0.12045509008152773,0.097955170781553,0.06895588087553825,0.14679704279588665,0.05498682943880012,0.054932231374733825,41
0.12938517942293903,0.11838298553214338,0.07388372249598035,0.20904884619374672,0.07579268504916989,0.09998871044214636,0.16799164698746277,0.06448204344598715,0.0610441804304244,42
0.2798407802963708,0.1351618170765007,0.06081669895770637,0.08281417610660705,0.05453659387589642,0.07093457748129406,0.2031723813528722,0.05472888284537797,0.057994092007374515,43
0.11212080316752539,0.10978368598416041,0.09547212301162145,0.21168794559479184,0.1056368819623112,0.09935306351305569,0.12537889662407298,0.06820227414197892,0.07236432600048215,44
0.15640728246936988,0.1498338002790037,0.1047411788580443,0.12184063406667624,0.08930689171281248,0.10511934722325222,0.13416105280017057,0.0668197813475367,0.07177003124313372,45
0.1011720472779712,0.11236789881414297,0.06618717591879981,0.14795712209755843,0.11590206034086337,0.14609576685097003,0.1718809099495946,0.07037985309367895,0.06805716565642073,46
0.19286389539226068,0.086119345599307,0.07749815523000475,0.14043006785678064,0.09452550053038601,0.11996701607944477,0.14706997471098585,0.06707649921033385,0.0744495453904966,47
0.13785540974631894,0.1652187770794275,0.07951021133557003,0.12774798646218474,0.08439169870545858,0.09014303619950705,0.16019906691169283,0.0758809285646122,0.0790528849952281,48
0.1589377542642954,0.12125741401288517,0.0874173132466657,0.17342321990488452,0.09861399899765207,0.10186506064799412,0.12755726492200317,0.0648244101829872,0.06610356382063284,49
0.16318907222696757,0.1047609133645609,0.07584624678705332,0.1674297937130475,0.08152183415201117,0.11998714676626937,0.14760256103843625,0.06985982163223836,0.06980261031941562,50
0.09723945373565383,0.11024468989750007,0.08470131978705571,0.1978897486078584,0.10632518568366513,0.11205719282247958,0.15113515033639893,0.06882686163864758,0.07158039749074083,51
0.12325742142470245,0.12019796220755052,0.0875702904603035,0.1577593531225085,0.11096024583136892,0.07941549880908105,0.16755198876309269,0.07538759838242849,0.07789964099896395,52
0.10458652116394786,0.14624897825773564,0.07775709259348303,0.1594074069050069,0.1154798546411958,0.09354537498089975,0.16311773812982933,0.06905756224252985,0.07079947108537181,53
0.1098053473246505,0.10394086639226799,0.06512177905626332,0.19299671763931558,0.07344533592391116,0.12464549673868754,0.20574968427981852,0.05993623703199088,0.06435853561309453,54
0.19141923226602245,0.10646118656286922,0.09666772501540102,0.11497559879073659,0.09782670449374181,0.1251727990797571,0.12523842511924457,0.06591697974672549,0.0763213489255018,55
0.18639666195643015,0.12744508009235955,0.07647524011117564,0.16105278411688642,0.11638330016515451,0.06976853575396585,0.1370967472205473,0.06459584382453437,0.060785806758946084,56
0.17338326958046918,0.0804299661335885,0.0766860939114452,0.1310482730143412,0.08880651186018071,0.130467697325122,0.1759984197726681,0.06952158413709913,0.07365818426508591,57
0.2603993925794232,0.11225194433137022,0.0533082921416089,0.1652642614250738,0.11307232666177248,0.07386270482127084,0.10887847742291047,0.05464778897769364,0.05831481163887643,58
0.14462680154469787,0.1064656243091312,0.08129859983179995,0.1765222547026636,0.0881497251296813,0.11999864564753848,0.13034153021629602,0.07481972702605796,0.0777770915921335,59
0.09945365288209031,0.15924012823389203,0.0874871767074012,0.13211486078146864,0.09039356535354082,0.15118160850965126,0.14277658749071137,0.06652884495933717,0.07082357508190704,60
0.09631883187585343,0.11823727705205887,0.09733878436986326,0.17438436607392063,0.13786321827633632,0.09593466192451706,0.15095228408223252,0.0645172106917225,0.0644533656534954,61
0.19208507422885115,0.12584945521630994,0.07262040200185384,0.1337474797210222,0.08156223959923353,0.15470934509086362,0.10566162936882222,0.06688709439635793,0.06687728037668557,62
0.08734768966577998,0.12055262768799727,0.061289568259178584,0.2424015459975125,0.10610106433682612,0.10429155982585764,0.16191950051048973,0.05804150483524761,0.05805493888111048,63
0.1323746322404983,0.17637813605927555,0.07216350171151976,0.11213163819564174,0.10958374721317397,0.12227455900164215,0.1678042228306556,0.05367902353673183,0.05361053921086114,64
0.10450351274318594,0.12947732688123795,0.0733176478681603,0.19548288698234592,0.09872792629675523,0.1024015375526991,0.14199615002237082,0.0809231826693241,0.07316982898392066,65
0.09761066101252815,0.2110442203125691,0.0670921658418004,0.1826465850068423,0.07717052347929929,0.10609545345903253,0.11299297745149676,0.06510265625837061,0.08024475717806095,66
0.11752676812087992,0.09847657573409589,0.07348822631684296,0.10220817715930888,0.1417655829074761,0.1328564934404158,0.19798751887028643,0.0662166909037264,0.06947396654696748,67
0.12891796155080437,0.14062659477448383,0.07924801393101667,0.10963305355890418,0.10635044636351453,0.09486644888462181,0.1930613616416017,0.06662761237143075,0.08066850692362224,68
0.18170994317455774,0.12355205332072254,0.07463499889898557,0.1101808855666561,0.10863485015112355,0.11145045331396275,0.13163205645612638,0.07796800561409814,0.08023675350376713,69
0.26586132654894384,0.12865515077288756,0.07326770188708241,0.08452726989624201,0.07457124232690669,0.06429989626236689,0.18198147622894292,0.06054804030942129,0.06628789576720627,70
0.11485486543645747,0.15730335962879863,0.07438029239510685,0.09790373612183727,0.0699131667278651,0.13313949948049641,0.20945863802292072,0.06946500689745165,0.07358143528906598,71
0.10034782486595606,0.11369059069046852,0.0742343992220216,0.10930370388372783,0.07347775918561286,0.10394304739445345,0.27259541080170174,0.07101085658611152,0.0813964073699463,72
0.13623757087281865,0.10548466218479055,0.07834407219412602,0.17985175207758886,0.0975906124500938,0.09460338687068874,0.1540261520538607,0.0732766982140465,0.08058509308198628,73
0.32732254609671835,0.11292240405593758,0.07319195018178817,0.09674514459462467,0.07083325407541913,0.08078695543353243,0.11854104185849407,0.06103262865547902,0.058624075048006666,74
0.08581774063208632,0.15433928968141533,0.07914897097676578,0.1478473443612671,0.08712998663919118,0.1069046228305989,0.18740372740773895,0.07160045248830291,0.07980786498263366,75
0.13401444361267573,0.1463766131739402,0.08271654189550243,0.16787739038989943,0.08670697472894334,0.11328919755648556,0.1266308391935704,0.06720277984369878,0.07518521960528401,76
0.14887164206425577,0.07468465666129208,0.062001734406395316,0.3218204989460698,0.0728330539398762,0.0968060809368808,0.11228115896191478,0.05538434290378245,0.055316831179533045,77
0.1324316813715711,0.10304051646492415,0.07704872118455464,0.14154777065417087,0.08911728118373383,0.09078333855790942,0.19836205816652255,0.09217224023349206,0.0754963921831212,78
0.1502582602134699,0.12660056126833852,0.07848413055678567,0.11849931211816798,0.0637636667055813,0.0870486849043424,0.2604469257250188,0.058430902092043276,0.05646755641625207,79
0.15252941980320195,0.10818515054020934,0.08550847763333806,0.11312823019124052,0.10216477756313579,0.1048360762497055,0.18838448541468322,0.06757946536806728,0.07768391723641851,80
0.13316694729118422,0.11599449304123957,0.07183251995453009,0.12707108884364562,0.1894272077017499,0.0890973948622233,0.1488579340768529,0.05966900325631443,0.06488341097226,81
0.10029613513532679,0.09034824594682787,0.07695765798461694,0.2095926483858183,0.12385619657141202,0.09689059308258635,0.15496189851351566,0.07006758183768053,0.07702904254221549,82
0.2532754150749433,0.13101448168116928,0.05751788629791534,0.16833899321829945,0.09384403077253718,0.07232338228177253,0.11526684375107257,0.05420822344248818,0.05421074347980204,83
0.10295463579958826,0.0892326265669165,0.06452112925788361,0.18071292637820838,0.09050237360007216,0.18951294799108354,0.15726770186959108,0.06088050648415385,0.0644151520525026,84
0.1254548702864773,0.09283902769041483,0.06677982684036114,0.16877159291896313,0.09260042150421245,0.09740269444962966,0.21053383515418841,0.06447980643535729,0.08113792472039591,85
0.12623996635915202,0.12285764063149286,0.07293167398681497,0.1083231310469863,0.07022984931082861,0.10394492987395319,0.25118748457101847,0.06906939749257421,0.0752159267271794,86
0.17198934072261632,0.13559075287900593,0.0653025219278166,0.09863275913268983,0.05762599454724222,0.06495698015877929,0.2852063017086749,0.05853748811111862,0.062157860812056376,87
0.26912430626492917,0.08093301719256969,0.07848336934304688,0.10584788439397694,0.06783023497802389,0.07814784976472239,0.1938770474381003,0.060509742943829645,0.06524654768080103,88
0.14327294357158685,0.10866743934377934,0.06419026557972651,0.113444009257375,0.08135279984023572,0.09038831843816769,0.27314156417580665,0.06082222073516823,0.06472043905815406,89
0.11976302471933038,0.10711875843055284,0.06932601712234229,0.21700455606993888,0.1029905066744119,0.07055478534697784,0.17791027380900878,0.06622186051067837,0.06911021731675882,90
0.09875956127829431,0.1441901617459962,0.07233389680010924,0.17410375714495963,0.10085626332984984,0.0992456973060943,0.17638542182804703,0.06847535288401922,0.06564988768263029,91
0.1278401351763435,0.0991265812505049,0.0607466246664707,0.2580398571423385,0.07237950237197492,0.06068997364029741,0.1868771722410132,0.060040398137659025,0.07425975537339784,92
0.09071181326468537,0.12776710173949507,0.07165267297678488,0.21842273538091894,0.11008078424285485,0.10599679202526185,0.13712796990647438,0.06806876398835714,0.0701713664751674,93
0.1389206637304427,0.14923095154900973,0.07607250336634427,0.12525885296554937,0.10921320302815654,0.07912667611108257,0.19046824736525503,0.06465749721734015,0.06705140466681984,94
0.15631508039718744,0.09357689716355193,0.07250237267884978,0.1643969872685882,0.08857321444729176,0.09800846361546504,0.18663745883546168,0.06775935540652958,0.07223017018707452,95
0.1298009509886284,0.08163521789726073,0.07537460535430267,0.22082847434160693,0.056757571521714366,0.06392537473906469,0.2571506270417952,0.053041491358933136,0.06148568675669388,96
0.13262858130298422,0.12097177841774115,0.06525164764980837,0.20487030017806365,0.09234068088152075,0.0799821265910066,0.17317949431826724,0.05898539031524459,0.0717900003453634,97
0.18685599234439162,0.08154409103294612,0.055892467652959424,0.1633476927707656,0.12644757332291176,0.0784488170751935,0.1931581986476403,0.05840931372233558,0.05589585343085616,98
0.15225044146145195,0.11654536627035682,0.08100088537722629,0.12737688784223045,0.0934785970918222,0.1158140896078916,0.17684583144701604,0.06837672410858503,0.06831117679341972,99
0.26675551919148166,0.13816384074899488,0.06628645355044206,0.07406676664313486,0.0651731463711855,0.06587104955806398,0.21288098727146149,0.058151294032542974,0.052650942632692606,100
0.2491984793281387,0.11941629663696028,0.07294072659896834,0.10247103268059259,0.060108803518470505,0.07621861138635752,0.18903582625675466,0.06038263144951604,0.07022759214424126,101
0.10556395811637105,0.11573118866646133,0.08726966285983916,0.15778554064297337,0.0822041117775427,0.08252677019391394,0.222200800293649,0.07485790143000595,0.07186006601924344,102
0.14594967426848166,0.13463526314680926,0.07598361112691959,0.1386001966911179,0.11548742225945083,0.07544463672108956,0.18654608858006255,0.062426754226524064,0.0649263529795447,103
0.11091963978251144,0.11094264359881797,0.06814353809667174,0.14871275989424967,0.07076309781067236,0.06906099904343783,0.2956897548541269,0.062062316634802966,0.06370525028470896,104
0.11707588345091008,0.10756497907430365,0.07142748986897403,0.2038389448424497,0.09759035006917667,0.08996628765847602,0.1700483372489462,0.06306479755247273,0.079422930234291,105
0.12457810917394894,0.10310169505418326,0.08005026609409506,0.17411624446167925,0.09411312235786518,0.11226761271394889,0.1414994185889172,0.07557023158522977,0.09470329997013241,106
0.4037960230657116,0.09730228705743288,0.061605411419020026,0.09279407521037555,0.059594042875343894,0.060727717479641154,0.11791948493976986,0.053670989704037546,0.05258996824866764,107
0.10043060831241632,0.1343210971148848,0.0870848811989857,0.11183094424652935,0.1235573922115648,0.08678927580620042,0.2109927465951705,0.0725536416626756,0.0724394128515724,108
0.11851355724025245,0.08783777920969338,0.07938111472016353,0.12001978842239595,0.09874473995367807,0.07972381447364123,0.2675317017520457,0.07344868827255881,0.07479881595557082,109
0.35293738102988137,0.14241694892478088,0.06898252489114438,0.0897924930310871,0.06063015282770839,0.0663470175155829,0.09318938429449514,0.05923265871308009,0.06647143877223971,110
0.14267170491848682,0.11167110043374412,0.06640237906977331,0.12561109167789267,0.08313486263651337,0.10464515741992247,0.22256746273787373,0.06665859805969795,0.0766376430460956,111
0.12416746629604627,0.11955315442489398,0.08441767798462917,0.13976803244365826,0.08416413238458682,0.10185412364841125,0.21468468666671642,0.06504410852506567,0.06634661762599232,112
0.13155243692687424,0.19164591612843304,0.07338555133541477,0.14360357103843108,0.07030731677280112,0.09505488246227856,0.14898127516977258,0.07338292354570489,0.07208612662028978,113
0.09341140916707587,0.1439840352382587,0.06976291904666045,0.2294823979679335,0.08162504728650154,0.0758957771571454,0.1753918373308692,0.06395216653715716,0.06649441026839821,114
0.2752524071766871,0.12113908687217023,0.0739020334928366,0.10358243158313081,0.06981271022445228,0.08141122236896661,0.1540167283122763,0.05968763443526628,0.06119574553421381,115
0.2864361415481036,0.12264551637854855,0.08058083783918937,0.10115041655850879,0.059555761072043675,0.08085545210065415,0.1461979122290955,0.0628731136672255,0.0597048486066309,116
0.42832143672322326,0.08981542695400739,0.06606375812547838,0.09271567623546322,0.06650191964409265,0.0617287054643544,0.0923902199681783,0.05122656548350568,0.05123629140169685,117
0.41138150996010503,0.12863368293969513,0.0609890803341135,0.07755481520493719,0.055367881018566135,0.05251059767701945,0.10813583783568784,0.04976979366095966,0.05565680136891606,118
0.2731804686497135,0.10444757083757514,0.07879105734162763,0.09509578899680111,0.07671044432812137,0.0876309302579853,0.14510406125915346,0.07514283448770268,0.06389684384131983,119
0.1502685796192774,0.12576506807496965,0.0644078865068801,0.16808116007093885,0.061100317702200604,0.06741899807821614,0.24454145915150988,0.058562094175579574,0.05985443662042783,120
0.18248302917504847,0.11512116527328407,0.07676081307365513,0.1933456603107004,0.07788493513109802,0.07714796129864214,0.14579427578062437,0.06352470485391398,0.06793745510303341,121
0.18699715798764524,0.11792606532129284,0.07455369879274855,0.17085833992847863,0.09480990473546955,0.08675505021919151,0.14279494509404783,0.06267140391057845,0.06263343401054733,122
0.1405652497896882,0.09800875366164453,0.07313976632209494,0.129430214032332,0.12610916689032142,0.10302791588680964,0.19052297684484815,0.06964024049897066,0.06955571607329031,123
0.09934984837659748,0.11237398222750405,0.06396856360599938,0.20165602505118171,0.11188820263714895,0.10854745733707169,0.17901797895604682,0.0603753582665365,0.06282258354191324,124
0.12357981355288396,0.14543389863773062,0.09371509376162541,0.12179777906536485,0.09585218711159417,0.1511668820803052,0.12220531626631159,0.0715571115905315,0.0746919179336526,125
0.13157022934718254,0.11676359861480211,0.08187216979750712,0.18350478856066121,0.09557981041926428,0.11414369109219778,0.13709435366241532,0.07047047614159259,0.0690008823643771,126
0.09041567522130767,0.1124051104622983,0.0660886381071476,0.2082228207569773,0.12568033022207506,0.14203698622893923,0.13490923640054905,0.058631418621222356,0.061609783979483385,127
0.0991576072699841,0.1331561445209195,0.06544200189181952,0.21831545628450186,0.08599197838292494,0.06664859158782245,0.21631890080670754,0.057548626856984406,0.057420692398335915,128
0.09299830015656302,0.10990393688103396,0.08835619609372644,0.15092232915233944,0.08261040824088776,0.1481748550487458,0.1672491914542903,0.07646238410265564,0.08332239886975756,129
0.15868023340437032,0.11857830376723662,0.09536855250222062,0.16373915169698516,0.08763809938574535,0.12514208707933472,0.10545135127042234,0.0630438628973868,0.08235835799629808,130
0.13022040212523714,0.08841518782351207,0.08425585013014193,0.15653744805953695,0.10097555811318072,0.1539068786503109,0.12994215169099707,0.0800596672354141,0.07568685617166913,131
0.10715943572046766,0.15229174079660165,0.07061292104444018,0.13288317958535625,0.09661225145803269,0.15380738432020613,0.14526982810050154,0.06806211348191574,0.07330114549247828,132
0.1428539619139383,0.1138666527507216,0.0802726581127841,0.18530686697945153,0.08605071343003382,0.0904953366269943,0.16459776636551887,0.06731801479679483,0.06923802902376261,133
0.11922829256534012,0.16198937587055248,0.07456977184882772,0.12257331153679844,0.11399358742629172,0.12291245745132802,0.1550576334415309,0.06423633749207912,0.06543923236725153,134
0.12590170444724508,0.10194654972028902,0.05455697567336095,0.07789296745806899,0.11607444654110159,0.08000107416936973,0.3319749121586833,0.05474898339308389,0.056902386438797505,135
0.11249048096233794,0.10750552241778397,0.08532661060389102,0.17056120336117722,0.10303734681539936,0.11379551524203387,0.1506585641786361,0.08179334683432433,0.07483140958441627,136
0.2689935100902823,0.09824119330997097,0.07399244150066062,0.09364067476468667,0.07200179716510136,0.07980253542225234,0.18749088895828156,0.05871023902544189,0.06712671976332234,137
0.10926168558454184,0.17076010901820077,0.06507935993626109,0.08615002503992074,0.08789204405227719,0.059923002492098,0.2994589755379749,0.06218377866420291,0.059291019674522605,138
0.07988139710720678,0.15989563838332552,0.06345273494121838,0.1181364278219732,0.07131882567043497,0.08009267198766198,0.2963990214637544,0.06358051580159067,0.0672427668228341,139
0.10607794800335116,0.1294583715363004,0.08897343014418349,0.1461074998098485,0.1266883972347584,0.12851973509095782,0.13461801987786642,0.07244304284008636,0.06711355546264733,140
0.1596030031047687,0.18720164321597899,0.06560012936934674,0.08743298692545141,0.0580100427056571,0.06359712675003013,0.25469410763182204,0.06557526505487324,0.05828569524207163,141
0.09175242936025749,0.1329137235480507,0.10305377341123349,0.16657942294179098,0.07122938674548876,0.0887049457105468,0.20571075140202455,0.0694304924112773,0.07062507446932988,142
0.13305690548598006,0.09183809095293584,0.07665027139757344,0.14507073840021212,0.0842725436096291,0.09353243575872992,0.21913270899006349,0.07137214451975225,0.08507416088512383,143
0.07595005422858878,0.10337206782841232,0.0632051106953193,0.08931680651831492,0.08003055910515917,0.07326790607033834,0.38861397702687994,0.0649302480492788,0.06131327047770853,144
0.09088841611854569,0.1314699616833225,0.06929230943698378,0.22194962711670244,0.08453149212457464,0.11570619048135757,0.15201892404293005,0.0644759374810284,0.06966714151455482,145
0.097296700174244,0.11678737047763678,0.09288989290933984,0.09620584244529273,0.07099181939152985,0.08089612809953352,0.29882602634532285,0.07237589665543655,0.07373032350166388,146
0.07507671779814491,0.17342486149703576,0.06568736839772896,0.10334053361529712,0.07183620732525511,0.0874162275708684,0.31474488195558126,0.05423504060549863,0.05423816123458979,147
0.08221302369199687,0.11412427254450773,0.06611199071547386,0.122807494816862,0.12818293113957757,0.17737968753387712,0.17170636868091235,0.06243017521945144,0.07504405565734103,148
0.1027704738281687,0.12126951269156125,0.07583297376994223,0.10027931356974246,0.08563854823202248,0.08381242540063023,0.2712025600633298,0.0703124837791656,0.08888170866543722,149
0.1629118069903968,0.08820037628014951,0.05862832875078191,0.11508515998393906,0.06404136405911395,0.08372510285727336,0.30921130807869734,0.05761175771301677,0.06058479528663127,150
0.21034160012798722,0.10589161309721744,0.07528541934847618,0.1604123993317918,0.07539759560012058,0.0822161654106489,0.1639047502101232,0.058706345648660195,0.06784411122497458,151
0.14503940779300747,0.135671199990719,0.05847072580756415,0.10397481156471478,0.06691644596688964,0.07081127882884812,0.30484793122415055,0.05498356017301606,0.05928463865109022,152
0.13148055499356442,0.11325562171276794,0.07482189517784087,0.20079044064247917,0.08368147965191075,0.0878842155758027,0.16894827670625331,0.06608892975841257,0.07304858578096836,153
0.11450578488349263,0.1342655986624618,0.08220774532941327,0.14600913629487308,0.07121038472782201,0.09147822349306682,0.22878540309814233,0.06448716895614805,0.06705055455457998,154
0.11700975464303172,0.11548194799781934,0.08019525564751757,0.13573176798310765,0.10586529967410024,0.12152587028343535,0.1877179455133207,0.06530603607271823,0.07116612218494922,155
0.15830499941274892,0.10783173705035684,0.06814291882669418,0.22647376065549382,0.10342436248926126,0.07290877173846605,0.12799955990552522,0.06615104568001191,0.06876284424144179,156
0.10938140166415913,0.11241649045873536,0.09095720071050961,0.17196624771697322,0.11485679113722878,0.09995861778267653,0.14808887390724187,0.07500215773845807,0.07737221888401721,157
0.11940851732538077,0.11717303941938986,0.08940345930492577,0.16928837239927663,0.12359092253570692,0.0728525096354799,0.17335550610695835,0.06577806117638504,0.06914961209649677,158
0.11180766852381283,0.1360962684949252,0.06239314555348757,0.2081708474150568,0.09826655963813782,0.08360628114849097,0.17275687766145822,0.05864896087922592,0.0682533906854047,159
0.10199028812517504,0.12522203412677496,0.05981311136969005,0.11088397045857992,0.07225991897759879,0.06700262047373207,0.3382859621785483,0.06460344772880068,0.05993864656110018,160
0.18290191481972165,0.07401543893822704,0.061802022481707415,0.20402431539288027,0.07869308294830608,0.1383153025242433,0.13311502281660886,0.06068255115452685,0.06645034892377862,161
0.11941042903448147,0.1567499830102578,0.08793264716312633,0.15948102495543162,0.09306844524871684,0.07496366386821124,0.17280726867997412,0.06973795210331966,0.06584858593648082,162
0.16168874669317376,0.08638491388884159,0.10405890055433643,0.12038706108599781,0.08799136179712727,0.08172732303737278,0.22734865379934088,0.06602232752191149,0.06439071162189808,163
0.06870429645403614,0.24038013008258136,0.06479302945403509,0.10215788835225861,0.060703402327007105,0.08170843921286872,0.2503645315282275,0.05859623657387198,0.0725920460151135,164
0.10231914629176224,0.1226821223948354,0.07632508014013062,0.10065327763177895,0.06654982526689757,0.0667197682526826,0.33450986180614156,0.06852567466697689,0.06171524354879423,165
0.07197495001443815,0.13355647990935285,0.05686330237317023,0.08011069419435418,0.07079508304624132,0.06301116632760026,0.4158799365352078,0.052991957789694226,0.054816429809940906,166
0.13788087211205244,0.10103924062959213,0.0800890035026733,0.14320419310954408,0.11393579529499351,0.07911481378246032,0.1872412289637677,0.07419628440854771,0.08329856819636877,167
0.15662708870629963,0.08487253941447355,0.08335490746891346,0.13864279987641598,0.11236154097454558,0.10770756533145595,0.1773387777630625,0.07124639767199781,0.06784838279283548,168
0.08154174033697395,0.17152686149638108,0.05756657670851925,0.07764554796631168,0.05552785276301862,0.06508326896519567,0.3541127360239996,0.05552637534722132,0.08146904039237883,169
0.17863290859082065,0.1303152350837017,0.08261441863735289,0.11086504861680394,0.0775228097158589,0.08050930641981917,0.19111581030364802,0.07095347945624508,0.07747098317574963,170
0.08448187841571277,0.09956176889325476,0.06907058870661471,0.19760347360433625,0.06359541665728427,0.07529679407974445,0.27945425072775837,0.06645355579642613,0.06448227311886828,171
0.10296672488671268,0.10545882388250306,0.06607238018706477,0.09434935675191118,0.10091069110710438,0.08435711537681523,0.31096000995050144,0.06346687873760587,0.07145801911978156,172
0.12850503036109495,0.0946038303651635,0.06472470295433083,0.14902999903599912,0.12131933607785944,0.07228460656797668,0.22498675746143904,0.06616108297137772,0.07838465420475879,173
0.0875563931552778,0.22134779102049892,0.06438161702244163,0.11129935789633574,0.07106854566063231,0.09618215461254005,0.21914642534843104,0.06259743399827938,0.06642028128556314,174
0.10357491132681096,0.10661456296964478,0.06003595243597674,0.07699083292392297,0.05505670827992779,0.055902556275888055,0.4282409250415746,0.05389467859521586,0.059688872151038144,175
0.10703644109998002,0.07914468356660201,0.07074306299231928,0.11327898574845156,0.07772174588895259,0.07399551554581077,0.3265008721516657,0.0774019972969035,0.07417669570931451,176
0.11541143232264678,0.10524321259240885,0.07432861072398343,0.19057038163436646,0.08301548780240788,0.09797264414084818,0.18925361695574705,0.06623173685391574,0.07797287697367562,177
0.16953318641141032,0.14845630374441185,0.08169391298411395,0.12518980041882893,0.10668597744600357,0.08337468730301793,0.13670613739613874,0.07344965033098981,0.0749103439650848,178
0.21483286843661695,0.1317803507063252,0.06497493882458993,0.15156978604627339,0.086541586125001,0.10733324837538091,0.11004631475603775,0.06259982432408011,0.0703210824056947,179
0.1422194052903049,0.09446858748047528,0.07009136247807222,0.13132436734806585,0.100855161431054,0.10221374965925961,0.22958274457106054,0.06589743587380041,0.06334718586790714,180
0.1282013470382738,0.1166191292189705,0.0744467062547362,0.18909442539811683,0.07559120276397766,0.09960300187908629,0.18202082116174662,0.06789461946221487,0.06652874682287738,181
0.1377029990161351,0.08870198455669687,0.07844193376976598,0.10756718241669572,0.09772270531995358,0.10518802909531125,0.22549704495745937,0.08037188384942107,0.07880623701856089,182
0.12669665964757196,0.15437726025346893,0.07045671960442794,0.1780527682244149,0.09911436972297391,0.08334411272208186,0.16390962395837844,0.06485953408397256,0.05918895178270953,183
0.15639841840504828,0.1578696541765535,0.07002944224099351,0.12739693966413287,0.08337302675175753,0.07945321521221457,0.18637526560696646,0.06773434689679508,0.07136969104553831,184
0.16896054435667038,0.09029744724905524,0.07829626770315265,0.173023962231522,0.11531046250257872,0.08102791824888617,0.14917753231267677,0.07060130968463041,0.07330455571082768,185
0.13093643673077165,0.13165834149492373,0.06405428596142593,0.14324422248893967,0.17063821877768104,0.1005611231288521,0.13079572186964739,0.06326195897572658,0.064849690572032,186
0.1122263491447633,0.12342294268192223,0.07427658337597469,0.09416774536455197,0.07853051260040479,0.06992982744731448,0.3225605527212948,0.06246368031299398,0.062421806350779756,187
0.09991965711778754,0.09404758865406397,0.07200263199809098,0.09042074995039434,0.06912993142195448,0.07639242134305678,0.38198073986782566,0.05922486862155461,0.05688141102527157,188
0.08633223711774281,0.09700806577200768,0.08667557491557995,0.13285164656838166,0.07256078338686868,0.09510329590182157,0.3063176469339877,0.06140443677565343,0.061746312627956663,189
0.14120549473691285,0.11965518164461134,0.0683314101880158,0.17106993281150315,0.10346352134934372,0.11391693893275036,0.15551084247714428,0.06343797101358348,0.06340870684613499,190
0.1384837450005231,0.16385256635962483,0.07269747272813493,0.09133421517118574,0.10283300268265848,0.08173644428836987,0.22015920100561628,0.06446224106977194,0.06444111169411483,191
0.10698140398603877,0.13180409763940795,0.054861375154870246,0.21112244259034343,0.06104448776751683,0.08560044429311617,0.24182294425946094,0.05341266256434069,0.05335014174490494,192
0.0912936843218514,0.15619981306527628,0.06059325003111956,0.08425591443845229,0.060105404628155265,0.08119100061075002,0.34423121858612193,0.06350172209507961,0.05862799222319383,193
0.13009852196844712,0.1307638771781961,0.06666621814849437,0.1129692448665046,0.05853508748268851,0.06298200828912823,0.3140959706584497,0.057578692072207574,0.06631037933588381,194
0.060042905699426184,0.07939051209716,0.04672962726243213,0.07405976288821862,0.05047164214383109,0.06665387609080362,0.5201996862708634,0.04852524720442818,0.053926740342836586,195
0.1428446065666571,0.12412188608114862,0.06824848081579588,0.12031524428277728,0.08501481548268895,0.10668565300428726,0.18752819996252632,0.06351236165539888,0.10172875214871983,196
0.09173522905457916,0.13346460322271336,0.05890638979826333,0.1153752265285232,0.06350204744586976,0.0732328211852372,0.35028076140705766,0.05906768687309867,0.05443523448465772,197
0.09567497501107493,0.13921030144026875,0.058367750642805964,0.11986408274864084,0.05549240718412172,0.056508896328939094,0.34757500549101983,0.057861144794261715,0.0694454363588671,198
0.18103189743655734,0.13010233102519042,0.0688939740964895,0.14624151125294552,0.07680793169462949,0.08444549756886725,0.16630947211077637,0.07188458710135089,0.07428279771319343,199
0.10787107485575204,0.14834076520690326,0.09292580279715537,0.09857983778188173,0.08343954793421804,0.08093107994370226,0.23110690821361812,0.07110388989414163,0.08570109337262759,200
0.0891251862947768,0.10477454695231085,0.0654444289441303,0.17677265779914858,0.08633880002912607,0.07190461288512741,0.2811745987539702,0.06547565361908579,0.05898951472232399,201
0.1002699866707846,0.10654975973553804,0.0723266013823664,0.18804958687631818,0.06797471633032026,0.12273511335125208,0.2148121647857097,0.06238291870645088,0.0648991521612596,202
0.22968873176359184,0.11363948887996082,0.0635080310780802,0.09305901718368219,0.05933303435235417,0.07624900747473363,0.2486790894032256,0.0579206722900536,0.057922927574317946,203
0.0712168315911256,0.2784118692898629,0.06160961429273976,0.08314568276924524,0.09530933630114428,0.10668967174491925,0.18492871057912033,0.06111316250289503,0.0575751209289477,204
0.11471868843499228,0.15191634432667736,0.06467006522759426,0.11990678978146069,0.12558112205975508,0.07132597719762865,0.2373606973238197,0.059272401308470224,0.05524791433960187,205
0.12178259338862155,0.11426462971942437,0.06336932420928836,0.0868994340774371,0.06362390709208016,0.07757241623335503,0.3355936997570805,0.06646141224819448,0.07043258327451836,206
0.12192770340857748,0.11880691426464844,0.08173947671454275,0.1639261345321684,0.12207040790329332,0.09448553547620399,0.15705239911678323,0.06998468449216583,0.07000674409161647,207
0.0992892731873598,0.09385940241970656,0.06584707987497458,0.18799223402609463,0.15251727184905686,0.16753634992837668,0.11345039378064575,0.057983849854449425,0.061524145079335846,208
0.1551210383719317,0.12072042199830102,0.07245170884823977,0.18395043196384298,0.08944314550156171,0.0912552018230694,0.15363197987520416,0.0634219554594269,0.0700041161584224,209
0.1412126084874254,0.0806596367463308,0.09115806289346551,0.1367994702976141,0.0765885688874464,0.10110743410123803,0.22875990857463355,0.0732462852182618,0.07046802479358455,210
0.0890280174382923,0.15790444673867818,0.07861338540368323,0.18914841958900844,0.09251806929962392,0.08078907396321001,0.17659098417127986,0.06585559775510383,0.0695520056411202,211
0.09642423946636174,0.13442734570231063,0.06889986238654874,0.10868467650329662,0.061699295470593114,0.08673702588643886,0.3145019719185196,0.06302974481221187,0.06559583785371886,212
0.10532368932398721,0.10314921764111785,0.08752808588630408,0.17019605538818885,0.11522094741278581,0.12101635642856716,0.14461956343691817,0.07397490243323933,0.07897118204889154,213
0.15257991319236802,0.1317676031579385,0.07477068666244993,0.15564348728593694,0.07173698787844113,0.07219852088619799,0.19500917191849054,0.0743425008308203,0.07195112818735667,214
0.13396982551993486,0.14027157435508228,0.07655170556086772,0.13964107596377381,0.13801240441151422,0.08481247442815582,0.14592497835473314,0.07097214109723841,0.0698438203086997,215
0.13966424548037343,0.12650542378768873,0.08402582468738061,0.11964503379515426,0.1281576265149783,0.07987556051688195,0.18863947702059344,0.06548645648088669,0.06800035171606258,216
0.08736919206111729,0.13642193230702018,0.07306934661545092,0.19500886916530102,0.1264080306794863,0.14662226456149904,0.11139759270058466,0.06197855260240176,0.06172421930713866,217
0.1383912935552263,0.10015703552814503,0.06680349210055572,0.08393817815816762,0.0625549070657476,0.06978182669520758,0.36032473451275837,0.05672166818115357,0.061326864203038206,218
