class1,class2,class3,class4,class5,class6,class7,class8,class9,ID
0.34218936224754154,0.07911480463392867,0.054074131300390585,0.12764279372925308,0.053923370693892025,0.056531446682564164,0.17844032838774704,0.05400391856388466,0.05407984376079818,0
0.078661321659733,0.17990600067305976,0.06709861151483952,0.21983236206058163,0.06680923117201958,0.07896176901853381,0.1705772230929026,0.06706313686100676,0.0710903439473233,1
0.09258629060883244,0.21046487321654483,0.0763212373886711,0.11291153079619408,0.08380353095965054,0.1394984426772027,0.1436035890381332,0.07036912961738767,0.07044137569738342,2
0.09256118854823321,0.0909831769746333,0.08245210890939224,0.16134966356981928,0.12186128999280495,0.08155564080728885,0.2117439284183051,0.08032594923457423,0.07716705354494881,3
0.0640377815501507,0.06740124548076745,0.07122494549474577,0.38039268074165944,0.10292928883298248,0.08207188643922081,0.11411153687246293,0.05893623172869694,0.05889440285931372,4
0.08320672304473362,0.15825359772563047,0.10213220170144216,0.179124701214606,0.13679604555620634,0.08286814038336784,0.10348414313251308,0.07707024891407879,0.0770641983274217,5
0.0940181393767771,0.11428203068292567,0.08063816627035252,0.1878696165970017,0.15825763754330216,0.0790780560496163,0.13324840860590853,0.07627779172505711,0.07633015314905899,6
0.11844227407172477,0.08243750072524465,0.05067008457518329,0.09726145380598854,0.06642063551007953,0.057858962039519776,0.42246576385278695,0.053780584841727465,0.05066274057774488,7
0.11014755930177623,0.07670892225916376,0.06932347276301856,0.20601208259106168,0.07078171225589087,0.0675607479378945,0.2439601199863625,0.06757104240154935,0.08793434050328257,8
0.13909921714206602,0.08881485062880044,0.058761376302166754,0.18343099015758016,0.0696219190622249,0.062071036075247554,0.2577640509147515,0.06871198264981875,0.07172457706734384,9
0.07927912560468561,0.11265784762247952,0.0722758951846145,0.29717491491017023,0.11011576707702506,0.07627050911421163,0.11312801752078676,0.06952471113451716,0.06957321183150941,10
0.07428467339620337,0.10155323848594201,0.06670817501213731,0.28355158882454545,0.0690244752659936,0.06184554610097644,0.21898269560525457,0.06200019635156392,0.06204941095738338,11
0.0874096114408974,0.08892190948041649,0.07331625797275826,0.15131130178902077,0.07187864175980571,0.0822675752335405,0.2945294591836649,0.07061392987959708,0.07975131326029897,12
0.0825364176199847,0.09097839037308147,0.06907672500104813,0.17179835371305766,0.07284248012606699,0.0710602299287585,0.30903201380649814,0.06636563621805396,0.06630975321345046,13
0.09350723419352802,0.09038337789471658,0.094584052816474,0.17958706218428755,0.1087817984926584,0.1859786128377334,0.10841063924563313,0.06939524190263112,0.06937198043233783,14
0.12970744733557066,0.07512108339670062,0.056526013978163356,0.2257238354546395,0.05937554429316216,0.05537942146983902,0.2872087598394478,0.0554824089565587,0.05547548527591811,15
0.3277163866984562,0.10884239733355762,0.05669790834318852,0.1415335581239452,0.05656943326369106,0.05649829329452811,0.13858631512790565,0.05678202535846162,0.05677368245626607,16
0.07514216492699165,0.08236752192046985,0.09427457983300955,0.1283144237329113,0.06617546300574212,0.07969596415760985,0.33599318764421954,0.06640086634352103,0.07163582843552499,17
0.08205443486619138,0.12276490369003634,0.08802943394842125,0.2003610464573722,0.12783243457456347,0.08238206041803074,0.11995766983653926,0.07666267761446276,0.09995533859438269,18
0.08642107528805182,0.08362125612060033,0.07078566240686684,0.16378552626691534,0.06574092767629591,0.06849705061723634,0.321256893108366,0.07521210711286551,0.06467950140280192,19
0.08569993593789542,0.1736665079192819,0.06877166661197359,0.19799486048622092,0.07728375305399271,0.08581133676989074,0.17330961304138937,0.06873245787970476,0.06872986829965068,20
0.15370553671807052,0.07949901922731373,0.08139177311486089,0.2166527660358229,0.10105753415010582,0.0804502406773356,0.13512970404164026,0.07607358470229998,0.07603984133255016,21
0.08204305529755722,0.15244975584816692,0.1006955541215249,0.176619595498401,0.15069955343461758,0.08337945819519205,0.10203689037094536,0.07611089255996632,0.07596524467362875,22
0.09849720708376539,0.12981928775378213,0.10265210908067818,0.17362838613354611,0.08606226113893241,0.07722117425152032,0.17720044951137665,0.07899080409031141,0.07592832095608752,23
0.08009160949450221,0.14947581126194287,0.07356722563988785,0.10357792823452855,0.07200310632048243,0.07347588651790733,0.3005269099954457,0.07511944732039812,0.07216207521490495,24
0.09038427616455046,0.1237373519531893,0.10314143627907009,0.16388447477590312,0.10689559906614884,0.078605624239871,0.18285910383138795,0.07521975639824764,0.07527237729163172,25
0.10859157589926229,0.13200747334932256,0.07045702862746483,0.16657405337335665,0.06653740538253289,0.06652640421430077,0.2560087431871833,0.06665104337684317,0.06664627258973353,26
0.1154484216863203,0.07537008195518363,0.07115234148523433,0.2958924017149441,0.08726694069189582,0.06617160800563208,0.1557454338457287,0.07419627793840115,0.05875649267665991,27
0.19029810259615595,0.18358932766504574,0.0740557594331608,0.11185070529086277,0.07649070852036455,0.09990879445479652,0.11539598501855791,0.07435951455417587,0.07405110246688014,28
0.20464923029570148,0.08621436673906438,0.08554749535174239,0.25983433693078267,0.0952482962489212,0.062259754758991204,0.08140346800575526,0.06242771431580258,0.062415337353238835,29
0.18156233720954262,0.09061425437879206,0.09695407378770297,0.15548648532472034,0.09816439972282665,0.1215778755817199,0.08703063397985272,0.08780669278992362,0.08080324722491922,30
0.12382395856212107,0.13278956963683533,0.07458718374941087,0.12703043630237343,0.08177305681588468,0.11853174791703551,0.19611603380394887,0.07201600283489921,0.07333201037749097,31
0.18814635178445002,0.09078118146189859,0.09586144127221224,0.1806231209005844,0.11263550410748656,0.09882178975657134,0.07641529545853146,0.08092885849425999,0.07578645676400528,32
0.17072252416479822,0.19412086805670573,0.07920083050358742,0.10016818742750057,0.07570478953616998,0.11095875815614435,0.09254893476386772,0.10671929390603259,0.0698558134851934,33
0.12351744056849576,0.10054966753377644,0.07042880936256518,0.26047183331273027,0.07206404491238388,0.06772833725194632,0.16556617341089203,0.07186542244769217,0.067808271199518,34
0.26906865154988485,0.07864854762075807,0.0704130934150226,0.17506378853934618,0.08359198212701403,0.07041032080388052,0.10458192036729626,0.07049522202643502,0.0777264735503627,35
0.26906865154988485,0.07864854762075807,0.0704130934150226,0.17506378853934618,0.08359198212701403,0.07041032080388052,0.10458192036729626,0.07049522202643502,0.0777264735503627,36
0.1204544725098661,0.08691463651757037,0.10535688182617976,0.21079019787285963,0.1076224035977263,0.11061171791976594,0.09766302512563517,0.08029317835409991,0.08029348627629695,37
0.1204544725098661,0.08691463651757037,0.10535688182617976,0.21079019787285963,0.1076224035977263,0.11061171791976594,0.09766302512563517,0.08029317835409991,0.08029348627629695,38
0.2071687670786075,0.11000017178285569,0.06285250720475537,0.077565643967325,0.07250986072624042,0.1867055430229483,0.16024015732951327,0.05720291435807097,0.06575443452968341,39
0.21049206273278784,0.10135744246703406,0.06386075505501479,0.10821021187723538,0.07367302691405338,0.1546350284006025,0.16281064817129293,0.05812472935524719,0.06683609502673224,40
0.4600558759867231,0.10079329540825124,0.04925530405382417,0.12682416096754828,0.04917054479702571,0.0539723394273118,0.061331970114713426,0.0492957497855847,0.0493007594590176,41
0.28820902992725633,0.05635702176109177,0.11692541293748736,0.21364221109485046,0.06395610270896195,0.06394191120281921,0.06985553963357044,0.05823880173833602,0.06887396899562659,42
0.1685550675563768,0.0822651122730078,0.05544625780499154,0.1568975211136923,0.05538061656729831,0.05776183066450741,0.29550874341755135,0.06616235831721481,0.06202249228535984,43
0.11078509060421865,0.09167324574056282,0.08283300214005089,0.23897127877069407,0.07233079853426837,0.07606503700578336,0.19727945934754398,0.06046063508900077,0.069601452767877,44
0.26803795991607154,0.09410576468295798,0.078077401770499,0.07979536117594137,0.07328614069722669,0.08911194605882271,0.11215578099461564,0.07784872611833388,0.12758091858553117,45
0.12562241900432655,0.15445402512522546,0.08786007133712985,0.13325320528493848,0.1282913183273264,0.07533038406028127,0.13560154973570038,0.07975718638831836,0.07982984073675306,46
0.26837556720820577,0.09406235971022853,0.07804138965683038,0.07975855667743433,0.07325233848596867,0.08907084441535186,0.11210405070336385,0.07781281947812355,0.12752207366449303,47
0.1555504504802586,0.16412609792124308,0.07942505566516365,0.09294557094836203,0.08656879396486547,0.0853724317098494,0.16168790648366738,0.0944405172458878,0.07988317558070268,48
0.10327951249458722,0.07854262255012733,0.08438582972076392,0.27198571328091165,0.06912678837639026,0.07379521207895932,0.18637686935321854,0.061601216830071866,0.07090623531497,49
0.4001380506928566,0.05913904304263753,0.060673946643057045,0.17419553514408584,0.061841707066265954,0.06423641255053854,0.06301078825723626,0.058432753078482634,0.058331763524839535,50
0.49070747776702894,0.05898213630212864,0.05809551994429277,0.08634959000765374,0.06546206550192199,0.07022505196114669,0.058501408417822365,0.055844147780057106,0.05583260231794786,51
0.20920169992077708,0.08496035368683065,0.06568430072034746,0.21491033082311095,0.08216395127839836,0.09106049095525214,0.12312844760000762,0.06444598434089155,0.06444444067438397,52
0.39565237118321844,0.06786311544871886,0.06858078799193322,0.09832830903539698,0.05813491195439309,0.08548720113374648,0.09007548046030332,0.05996574252387557,0.07591208026841395,53
0.47538774351384383,0.05777051130490828,0.05633646707277642,0.08934339036361286,0.06934893592700993,0.07899105505672156,0.06001652414635138,0.05640911893841811,0.05639625367635766,54
0.2781894795756353,0.09766987373884117,0.08103446158131483,0.08281748601965082,0.07606173896806266,0.09248692202342629,0.11640350626478659,0.08079712519550084,0.09453940663278142,55
0.08053951949876632,0.1108792985317955,0.08759785932543625,0.08571886558309302,0.08548318208223085,0.07459286449067767,0.3343836935689661,0.07040150242258658,0.07040321449644762,56
0.4106011501984659,0.07479965188957473,0.058173045332300465,0.07438896470706105,0.05675031250901129,0.08274122307939327,0.07704656621938848,0.05777750712951345,0.10772157893529129,57
0.48292772559434893,0.050431989035161724,0.05291299241239078,0.12367663208743349,0.059369444014190094,0.07849579765763688,0.05288035310283415,0.049654780370386904,0.04965028572561703,58
0.08584746646528987,0.10119368795563248,0.0980144531283149,0.1302164362981478,0.10955956236912691,0.09298071562230929,0.1853963255181027,0.07676077316547875,0.12003057947759718,59
0.33517200638233147,0.07432940453279185,0.07526865318387019,0.11876943772346281,0.07563178171495366,0.06977578993476488,0.09198703315604966,0.06810216131800371,0.09096373205377185,60
0.10171776755445426,0.08338025003885507,0.08442630949204534,0.23996486113607915,0.06808148510794071,0.07631920619804113,0.21561660753995493,0.06066971176806414,0.06982380116456537,61
0.12805977018113263,0.08060661995311513,0.09104013775002366,0.16560121471603095,0.09914987259357959,0.08024093598005305,0.17408551390984742,0.07315496376440062,0.1080609711518169,62
0.19661448779469917,0.06343917759615163,0.06210890222599308,0.28779678930016594,0.08577729453554106,0.10008761573432645,0.07997965186380065,0.062149588143551496,0.062046492805770646,63
0.26749487418114515,0.09375368755662149,0.07778529142699574,0.08277839276302568,0.07301195585951882,0.088778552265187,0.11173617349014829,0.07755747131717436,0.12710360114018346,64
0.23889921699036984,0.0603340365524217,0.06206504733793018,0.27562902342782225,0.10203511298152974,0.07537018564401082,0.06326312362550128,0.05938854522149161,0.06301570821892252,65
0.2039590130817178,0.07482307557733243,0.07476609165972826,0.25193564495783194,0.08830774631064166,0.08694402641508284,0.09566216004758449,0.06180111878120253,0.06180112316887808,66
0.08365314342382801,0.1336993650784916,0.052440749611932035,0.0892260973442569,0.06982212458027141,0.14511421505502167,0.32300841582977635,0.05152639689486628,0.05150949218155552,67
0.08680385793324125,0.15110805730088472,0.06325383244744961,0.08108299238591082,0.07768399903283313,0.08633870414519038,0.3363267300961572,0.05873360057771088,0.058668226080621985,68
0.09670101263008947,0.12656617466198952,0.05516409216553057,0.096156348861954,0.0629246222050803,0.10304336104395145,0.3544840497758642,0.052469302384897644,0.052491036270643075,69
0.44308496917601636,0.06622817164300607,0.05968810980149647,0.11471047497739702,0.059730225883999497,0.05960166902502455,0.07750562427121885,0.059711496868519995,0.05973925835332119,70
0.10373585567726633,0.2616162418528393,0.06624298121503769,0.10524839194072692,0.07883717740240917,0.08166057060405595,0.15724367557393978,0.06938199520087411,0.0760331105328505,71
0.209529338640754,0.08673405997946053,0.07220187304701256,0.1769914324335156,0.07797351041836727,0.14740285339537318,0.08445480980593194,0.0723601995900425,0.07235192268954249,72
0.20733132449960628,0.07046731362223048,0.06938113401791575,0.23105010449098679,0.11340325181989365,0.08170496380306919,0.08782646215261124,0.0694288442920366,0.06940660130164984,73
0.4742957997891862,0.05849398016503674,0.05390837073920722,0.13264736485399456,0.05522497956956698,0.05715758522022401,0.06367858542550715,0.0523981920304088,0.052195142206868196,74
0.08683981960207379,0.16734858779423134,0.060143898971675144,0.16374235630668227,0.06586313346715432,0.08700410973810664,0.22893559246973055,0.06545025520209453,0.07467224644825138,75
0.12251200732164468,0.17784659375787368,0.06635729047676302,0.19966457265577145,0.08928343302387029,0.07946870702299189,0.11850108095257383,0.07414554169315965,0.07222077309535155,76
0.11644624921869719,0.10791795849469209,0.0745489652748286,0.2399637391096401,0.11015934297547757,0.08448309392157799,0.11279181232565583,0.06878385187050771,0.08490498680892283,77
0.10683832370022217,0.24851375128543227,0.05366402863777394,0.1948903334387926,0.05684215172921343,0.06636651805652917,0.1583892926052112,0.05826565238788128,0.05622994815894376,78
0.11920004794507766,0.12262343045300307,0.06340795093503636,0.17434788563937348,0.08739089716824397,0.06656851067664628,0.22624856737048785,0.06573275111256614,0.07447995869956531,79
0.0735835642884896,0.1393660254365046,0.05951670578485309,0.1089474778614303,0.057469568735202335,0.06588794869235225,0.37333183575849554,0.0589308156825577,0.06296605776011473,80
0.13400410467827606,0.16547913280564358,0.06296727354656374,0.16873977985617047,0.07314070333592156,0.06986939562795721,0.1819799185847283,0.07454052425845104,0.069279167306288,81
0.10242196364271985,0.1301488431650194,0.06650124526977191,0.09011371563691661,0.11710155497470522,0.0711403666914763,0.2952712408846956,0.06552206330075491,0.061779006433940145,82
0.07807636637227203,0.13050211549192733,0.07059536942306799,0.10342677579914258,0.10018288398195015,0.06664412966169851,0.32827907903504266,0.05792979015074227,0.06436349008415661,83
0.19537091549533947,0.08532594392394786,0.06533457970751298,0.23940803418222908,0.10673794557026685,0.08129778304433541,0.0967085181695464,0.06432140724420916,0.06549487266261293,84
0.0795211891475298,0.19896563809566115,0.06621181187949464,0.13519391254850993,0.07025137328628193,0.07582277198828069,0.23876293136327165,0.0762894889919229,0.058980882699047464,85
0.112007264589002,0.14967738989911406,0.06589151558229223,0.12612969210338015,0.06593265340501568,0.09999519591726194,0.24508796644286263,0.0659944425802523,0.06928387948081895,86
0.09262990938024106,0.14391065443633952,0.07101279625993352,0.08857969089092563,0.07413467560119065,0.0850959160839404,0.29586506176985794,0.07101604399590963,0.0777552515816616,87
0.32550446889311224,0.061927914584453944,0.05426345652981429,0.23387822911402176,0.05401035781532096,0.05511339911342334,0.08914318898124837,0.06509846181414074,0.0610605231544643,88
0.16094181361409182,0.07247518163862804,0.07757068810368133,0.316181554332332,0.0767551520599484,0.07831424312307105,0.07486501057825509,0.07150452578220023,0.07139183076779212,89
0.129459473813803,0.07683390164432582,0.06975509560747907,0.281996250629182,0.13319829925640717,0.08524929241321387,0.08645750530477224,0.06855507480126832,0.06849510652954857,90
0.155466295587439,0.07044517345640365,0.07543034259211746,0.3080483920263928,0.08935908796686406,0.08887826203234614,0.0732664106130692,0.06956551047604356,0.06954052524932411,91
0.13833265161407013,0.06431004136967226,0.06315225198905246,0.387027478999908,0.08398402595560593,0.06918418535504525,0.06743111988047981,0.06332134719919949,0.06325689763696668,92
0.19344175341340453,0.0697122270536384,0.07315683239179945,0.2987286395434932,0.07389325367634102,0.0808828554891677,0.07250411066450557,0.06887887560135675,0.06880145216629331,93
0.17590719010361805,0.08040914438839844,0.08307959302362275,0.18273655890272714,0.13521961133652705,0.09358428622517952,0.09849162689360702,0.07259626635056882,0.07797572277575134,94
0.10410874914045573,0.10581376520182183,0.07657706571859363,0.17366922902925547,0.07788789650482196,0.0842580086197645,0.2244373192868474,0.07658660105865585,0.07666136543978369,95
0.2773458322723221,0.10258573545129371,0.07977982230342917,0.08824387079591163,0.08772465048957837,0.11812868559006218,0.10420892142779281,0.070981166826598,0.07100131484301203,96
0.08107690522024673,0.09340315703937144,0.059279580712991393,0.2127570453468067,0.06488988654256678,0.059241969310153485,0.3107349631000136,0.05929368417932946,0.05932280854852043,97
0.18069263322003024,0.13454148821429832,0.06113438613218536,0.08394190503049909,0.06116818915667,0.07197648609977131,0.2875599386915582,0.060142689692169266,0.05884228376281815,98
0.18060396685134952,0.16074023335004167,0.066433996853567,0.15501666235558664,0.07593536519762906,0.0688303947872124,0.16988444851272216,0.05947388797197539,0.06308104411991626,99
0.4838611633359297,0.0551101778213579,0.05248579126976231,0.08710567219980565,0.049576378964617245,0.04948734766302209,0.12283841003053199,0.04974601048562955,0.04978904822934367,100
0.2921827715257878,0.09017621512733631,0.06565306076468799,0.08316261369645726,0.06557659411858428,0.07473821998062533,0.1972515209772975,0.06567350370349911,0.06558550010572436,101
0.23293809059578613,0.08687608673459365,0.06433766547758059,0.15157420273748212,0.1005612190961842,0.13685632215241306,0.09480023373055538,0.06563986504736691,0.06641631442803793,102
0.10985792424172455,0.06694579499796756,0.06662320830451053,0.35984362237226575,0.10993155112799566,0.0854469031240471,0.07056655795011417,0.06539475883823789,0.06538967904313675,103
0.16392319636006175,0.07963555963830869,0.06290309402386265,0.1935817049166314,0.0698115705364334,0.11492869550530772,0.18270485876590928,0.06957676804773731,0.0629345522057476,104
0.12076583983039778,0.09480137190340225,0.09844401673043773,0.20738993732863348,0.13229112057266526,0.1061335368113827,0.08415763335303923,0.07799079514298243,0.07802574832705922,105
0.10496531127605643,0.06521633539105855,0.07948599081831592,0.26611788981682777,0.16580628245154602,0.11880924809294612,0.06978517500363793,0.06451164068177281,0.06530212646783856,106
0.5071999593912605,0.07564796873630553,0.046596933674768845,0.11624574617828225,0.060029045728641685,0.05058684596909614,0.05050662659379369,0.04660366468125307,0.04658320904659844,107
0.15942350789000853,0.2169344921817329,0.06818184454249047,0.08049962484556782,0.14954544372316728,0.1218954078766417,0.07958740075959314,0.061952209930963294,0.06198006824983497,108
0.10238116699063271,0.07122508963689293,0.07370433342602911,0.33486729430565954,0.12044473830057992,0.08287532138922606,0.0752337135964351,0.06963415179201621,0.06963419056252845,109
0.47430736370690835,0.06981091951992416,0.04458256916632531,0.08635916810943685,0.07055051862242866,0.08471431724252489,0.07549160917894483,0.047579640949068525,0.046603893504438325,110
0.11878238816407889,0.06058846424873298,0.11936628179196486,0.261855754364943,0.16183227787597135,0.10183792921117318,0.059506224903963616,0.05768044096173361,0.05855023847743852,111
0.1177008184233501,0.11633010656469665,0.06271035323314601,0.26137816290122606,0.06380612312470764,0.13015052413601044,0.11948095920513638,0.06274162422508107,0.06570132818664556,112
0.16461458815411206,0.07723154378197782,0.0653069606249579,0.2903593416997293,0.07692720459140433,0.09266908812255112,0.09954168597648201,0.06799337627642091,0.06535621077236456,113
0.21252826060814764,0.07612186745109324,0.053526648218806365,0.3442962982786227,0.06486296591896218,0.06325574736680267,0.07411461188738805,0.05360478312876088,0.05768881714141633,114
0.49824125944740527,0.07398321903858086,0.05486129286285449,0.07237251553196568,0.05486401241321409,0.06955717937613173,0.06638943576574319,0.05490408631996816,0.05482699924413658,115
0.49779678605021693,0.05675097816904135,0.05421320806214375,0.09521152081619136,0.06339406019466712,0.05871060034270895,0.06558835514750087,0.05412143639713538,0.054213054820394256,116
0.346989324405308,0.08437428560441018,0.053952332359816425,0.10662898335184025,0.060489255865959886,0.06850870400363987,0.16833263853417582,0.05392958509374953,0.056794890781099956,117
0.5232243979770996,0.05810703025840412,0.055521729935703715,0.08306794969735791,0.05339462948187806,0.06292093323632261,0.055238350480859,0.05591610619783797,0.052608872734537133,118
0.2918479853093285,0.0934273758414678,0.07868389304975666,0.13861733365065135,0.07731752704586858,0.08131640488832809,0.08719053211796209,0.07580544014756031,0.07579350794907672,119
0.2601148569553745,0.08462350941027566,0.06458675903623522,0.2550973224700359,0.06776985785905609,0.06448834434412007,0.08552254480316801,0.05888648858495331,0.05891031653678133,120
0.22194901275647044,0.0859834932313474,0.06478141685031079,0.1065971592655089,0.075720994615128,0.06608116270465986,0.10998351172829578,0.06489146130082302,0.2040117875474558,121
0.10064733603469732,0.10511269911477343,0.0885717150425636,0.07828585074027179,0.08096021298278414,0.08846826045389464,0.09169204662155962,0.06352637714843765,0.3027355018610179,122
0.1191247987022964,0.08391540737840536,0.07904840160794492,0.1581788062284393,0.0683863497313195,0.10019069641530362,0.0795722064699444,0.07524642774359525,0.23633690572275132,123
0.1191247987022964,0.08391540737840536,0.07904840160794492,0.1581788062284393,0.0683863497313195,0.10019069641530362,0.0795722064699444,0.07524642774359525,0.23633690572275132,124
0.13407638610552072,0.08795905184144129,0.08598914818275012,0.0703955206719996,0.0832729873489495,0.06944673524871524,0.14453741140752965,0.06107677252074495,0.26324598667234883,125
0.08877201462318046,0.08652225915683397,0.13271060979744795,0.1355855949052486,0.10208031875461994,0.07003565134181365,0.06844189123039957,0.057556589275656975,0.25829507091479886,126
0.11472352027739649,0.07557096501150366,0.07669453421005276,0.13060107833991288,0.07980973677587531,0.11176440835525532,0.07982417946915066,0.07387421700850098,0.2571373605523519,127
0.10064733603469732,0.10511269911477343,0.0885717150425636,0.07828585074027179,0.08096021298278414,0.08846826045389464,0.09169204662155962,0.06352637714843765,0.3027355018610179,128
0.15185017074604645,0.09303053348464425,0.10023216346629371,0.19574879128642292,0.08828670458087738,0.10045273830136732,0.09730994148403689,0.08252983152123597,0.09055912512907507,129
0.09009769204011202,0.11636531316142934,0.12745842534724672,0.07467655526874231,0.09220484952943589,0.06723883303253976,0.10010129542390203,0.05757241707563616,0.27428461912095575,130
0.16273407626742675,0.09458572829649291,0.09286740806917702,0.19485609314398664,0.08601183903722834,0.11515728747794829,0.08523639661359517,0.07892475702344678,0.08962641407069817,131
0.09763297125531815,0.07396919774262618,0.08679087977765637,0.12470509231567432,0.07419525490781044,0.05561379271478203,0.1668634010602522,0.05146554078473116,0.2687638694411492,132
0.09881150741211517,0.10371704042957185,0.0696981142577628,0.07555585990032954,0.0820519732445844,0.06360687094153016,0.13944515250900852,0.06367680707732251,0.3034366742277751,133
0.10459124379379327,0.07601361685507431,0.07392610634598917,0.14080045472889297,0.08448251623639051,0.11062343103761202,0.0791620647957178,0.07420671332337646,0.2561938528831535,134
0.07123029661437483,0.06668934729935896,0.05586977485648499,0.21687570748757268,0.054103437568839396,0.05410069483291903,0.1485697713837484,0.05601414230944228,0.2765468276472594,135
0.10150049047015183,0.3161356203003751,0.08870054564815658,0.09031050980204362,0.07822827727618377,0.07053834306703698,0.11603494396380012,0.06935344218866131,0.06919782728359061,136
0.3456694682321681,0.0863890437818007,0.052483343008786994,0.0815977989473623,0.06453095117265421,0.059419730720990875,0.20514745553879588,0.052341815869625184,0.05242039272781591,137
0.05248828142714566,0.08337055188813344,0.05043400719989505,0.05200478546377629,0.05459841445400859,0.04995899755682194,0.5581480820468452,0.04949403660782458,0.04950284335554943,138
0.06597550791373423,0.12467140622519435,0.05452972834004158,0.05493014030507086,0.05511467416670903,0.0660245528882559,0.4729295781832061,0.05394470001510475,0.051879711962683046,139
0.09145705540164951,0.40096343688819014,0.04665888264666371,0.10363646308820769,0.057786572459906566,0.0832017618791344,0.09449571472263471,0.07026098952108675,0.05153912339252652,140
0.06598637302538297,0.14165502612791134,0.06328236778413555,0.06455316993861766,0.06840017882188056,0.06860099250525202,0.40268322252527566,0.061440070766703624,0.06339859850484068,141
0.06553421226625587,0.29835585519131225,0.06095164920823256,0.05855805029805289,0.0581650351858137,0.07077331672951677,0.2763407093070883,0.0556273545409325,0.055693817272795196,142
0.14179649533142677,0.07886425758431242,0.052776910174296185,0.0563678779047064,0.0659218742100944,0.05547469783235857,0.44468482406058685,0.05084934034982972,0.053263722552388565,143
0.06126229881970078,0.14959057272404142,0.05852858519931981,0.059703924472714255,0.06326194537285888,0.06344767389705837,0.4287304512594461,0.056824681857475384,0.05864986639738503,144
0.09690667087626002,0.22264423895150584,0.06830586348330375,0.10910002974114608,0.11113177236088115,0.15210566292870295,0.0993580259727808,0.07413902361640894,0.06630871206901058,145
0.05671964340587818,0.1292053725248879,0.05284505486202706,0.055661659390139444,0.053867693399077314,0.05793297438821502,0.487916003822954,0.05295047938213862,0.052901118824682354,146
0.05909520715371205,0.16469467635860205,0.05906484174982662,0.05892480720531573,0.05672029049242392,0.06090934974572596,0.4256620238473493,0.05690368691301683,0.058025116534027546,147
0.0729551165311594,0.13814802744817756,0.07374510182432509,0.0726460133764349,0.08933807032125413,0.06828256328461119,0.3479464054457663,0.06845985586536878,0.0684788459029024,148
0.059949714201833745,0.07045066842624217,0.05749360613553504,0.05963339748268224,0.0596295110285977,0.06344022013818203,0.5142699246485263,0.05757015521686392,0.05756280272153689,149
0.07467989760254058,0.12634574836274395,0.06544740979604821,0.0856257562447414,0.05927278030509622,0.06057968731657868,0.4140253931570484,0.056994734162342596,0.05702859305286001,150
0.09485111648749853,0.2508076142081344,0.08539715239308227,0.07831860676610881,0.07130499868198757,0.08660361600342172,0.20075841233398267,0.06507049045352091,0.06688799267226303,151
0.09121141280550744,0.20191138336321335,0.08089502041794454,0.09090137120450682,0.09347042774984772,0.09147909013751813,0.18829903750195948,0.08084738136341278,0.08098487545608977,152
0.05639616367750012,0.35730056901019114,0.0719887377992674,0.055771809691665244,0.061690870741912485,0.1850938495091376,0.10435245590438885,0.054216655825725726,0.0531888878402114,153
0.06343488934176544,0.11682512037145268,0.0598413039246098,0.08020491473002353,0.06324827145344361,0.06832493790375863,0.4283886254676682,0.05986416534265611,0.05986777146462196,154
0.09092379087540163,0.3280221217170938,0.09340500265968416,0.052956087214135625,0.059754970256212375,0.10031976622989133,0.17061346532043475,0.055379526444303356,0.04862526928284317,155
0.06493958358670023,0.12284727514329268,0.05839883211730697,0.06410632661271101,0.0582155506548673,0.07049861176288341,0.44417509746286177,0.05840307623838855,0.05841564642098817,156
0.0795405931893052,0.15867803580264805,0.08058632948088373,0.08850388984068974,0.10565274697495972,0.12123739592253352,0.2416811873193159,0.0606657864306252,0.063454035039039,157
0.06591326172064714,0.24029179872318496,0.06447994488147864,0.07668172382988496,0.06774923875406036,0.061871255554555415,0.2989501545959982,0.06196767935674371,0.06209494258344676,158
0.0763386802529535,0.3183631697328264,0.07222823905867268,0.06700056688047142,0.08098322240606928,0.09467437228069135,0.16301094426216392,0.06370380675375535,0.06369699837239617,159
0.057728490160030385,0.13110174269268138,0.05714763633567805,0.05748390061957879,0.06008324493963105,0.05519494823369622,0.4683342577212058,0.05865661353360771,0.05426916576389051,160
0.07256174884696595,0.3641590117212835,0.08341673926836429,0.05390835977951526,0.07076367798959886,0.06541205075679178,0.1786486600675466,0.050826154932500985,0.0603035966374327,161
0.05663500780190212,0.07288273921208353,0.057886587258045914,0.0569404410716253,0.05598387116637032,0.0615881081414432,0.5317802226440391,0.05315465260241213,0.05314837010207842,162
0.07552788531916631,0.1837281911468558,0.09211630001705311,0.08379027916082034,0.09830505769412341,0.08149189594742888,0.2427825845384118,0.07108625355961032,0.0711715526165299,163
0.0635214759174722,0.35820583324001337,0.05525669045456794,0.057749806919716234,0.05396089091902959,0.06200013727771596,0.24032173491830494,0.05486091689371962,0.05412251345946007,164
0.05474936493722356,0.1651239828835086,0.05317364508044108,0.053564099321871714,0.05374795574377292,0.05527981915161823,0.4611684360783914,0.05260316564731043,0.050589531155861955,165
0.052392660132559006,0.09590814557582344,0.05162646405335572,0.05318994803683166,0.05050861873590522,0.0630387907303765,0.5320780760656014,0.05063102281686543,0.05062627385268156,166
0.07023899972462097,0.31491659298137376,0.07134669122384428,0.07929449814291019,0.10450990889918602,0.07170672869917567,0.15755347660563537,0.06520922591641432,0.06522387780683943,167
0.08912657714286663,0.19685543954900606,0.06900758805742233,0.09087432643415791,0.09394289648252427,0.08822848764243821,0.22559548597708898,0.08256567847456951,0.06380352023992612,168
0.07587867462676982,0.30285570214161983,0.06604218914316426,0.06952953918233024,0.06750144528738188,0.07302788495316707,0.2154030262864846,0.0648661581469312,0.06489538023215126,169
0.07109130329779406,0.11672098197851548,0.061336538300919466,0.08602989029815034,0.06380180624415045,0.06128573472123114,0.4170029809546037,0.061317395785579085,0.06141336841905624,170
0.12254179075983763,0.25030531049700866,0.0725631703826316,0.09463751634546565,0.07454929924144674,0.08589524979469872,0.15422812619266896,0.07258710133718642,0.07269243544905564,171
0.06621744859230992,0.11482621793703615,0.0629454905603897,0.0656988355103899,0.08098344421161828,0.06291929216582545,0.42033746043329007,0.06307750413428127,0.06299430645485908,172
0.07388388771574927,0.06737783421738439,0.06741399466653845,0.10076964509851852,0.07589027499798763,0.07704723003957263,0.42269938569707133,0.05913525123619174,0.05578249633098591,173
0.05508307808480311,0.08216370857684445,0.05132877423094154,0.05482163627963426,0.05313439071849591,0.055371025017634336,0.5453435662806904,0.05134911563080548,0.05140470518015051,174
0.06597550791373423,0.12467140622519435,0.05452972834004158,0.05493014030507086,0.05511467416670903,0.0660245528882559,0.4729295781832061,0.05394470001510475,0.051879711962683046,175
0.07608287743440373,0.0658550345143923,0.06496731382087795,0.09711237539204123,0.06458605160492104,0.07425092664765111,0.4463984249994828,0.05698903386369226,0.053757961722537696,176
0.06845018746657557,0.18886987325339408,0.06355083433695614,0.08586534337823518,0.09259800292857952,0.1533069603823635,0.2400751811782791,0.05243140788349893,0.05485220919211799,177
0.10310688564601632,0.21947132512401168,0.07496036291068497,0.0935816162451026,0.07338913352841381,0.0822574940057888,0.20785776886319782,0.07218420430477673,0.0731912093720072,178
0.0803177235350945,0.14062664859190235,0.07153833825487523,0.07328600696950892,0.08701860125805667,0.07770131581694163,0.30708916586062945,0.0693983512901646,0.09302384842282677,179
0.06378123510938438,0.19099320250609228,0.0644942270987941,0.06390756305901407,0.09252310836612071,0.08039447286609455,0.3241772015757835,0.05984181584169848,0.059887173577017984,180
0.05352365010575297,0.1899461058205769,0.05226053998826002,0.05303061684066416,0.06929933556742306,0.05419550608251725,0.42290085967468843,0.054363890708452045,0.050479495211665046,181
0.07920255470244705,0.38528426327684145,0.06425683036555421,0.06539489353328344,0.06367624069232267,0.0681860776560864,0.16594283668034468,0.054330506394618366,0.05372579669850188,182
0.07131145819170293,0.2704037317324671,0.07431679723953982,0.08962144513572694,0.07867959625929019,0.07738676527101586,0.21237090883786236,0.06296457381389366,0.06294472351850111,183
0.05569747371073663,0.07590538984185499,0.05199544713370174,0.061321900558357345,0.05189618104837966,0.056996467507928875,0.5420933847021192,0.05204930298017189,0.052044452516749745,184
0.07462852803476698,0.4090183617145951,0.08439994909579261,0.08489644769846881,0.08220549493505531,0.06828259778368807,0.07791029961473615,0.059370965799573,0.059287355323323916,185
0.19199094502706365,0.24906770141199375,0.10158686892066493,0.09837548109279909,0.06495648347139284,0.06866391596994091,0.11691369589706394,0.05280731908141067,0.05563758912767018,186
0.059717918126408434,0.14712613172441058,0.06159146887903891,0.059167826342683014,0.06213530377695049,0.06256781858101325,0.433274890189571,0.05809231969815864,0.056326322681765635,187
0.07804375785477585,0.28296374390411105,0.06792660313376156,0.07151345943232286,0.06942749694519929,0.07511162520912924,0.22154922588431042,0.06671701587158048,0.06674707176480932,188
0.04987109742419838,0.17877629207747597,0.044651084294372145,0.0454923310298018,0.054952790113552676,0.04548554776292233,0.4930552253924267,0.04384818228613046,0.0438674496191196,189
0.0833813851621946,0.07202200910636243,0.06344338964969182,0.0750763147389537,0.07907151762111359,0.06680207190200378,0.4357335393114573,0.06224659104747242,0.06222318146075035,190
0.10207830762896944,0.24179072887608208,0.11013569121554663,0.11723961668193425,0.08724770863742842,0.08326244131515612,0.07795059323406757,0.09054496398629808,0.08974994842451743,191
0.07581185360852852,0.15374397356903347,0.09055231178889976,0.07521809743274989,0.0932857489789973,0.10595989267349815,0.24939783432865678,0.08391092375051062,0.07211936386912557,192
0.06598637302538297,0.14165502612791134,0.06328236778413555,0.06455316993861766,0.06840017882188056,0.06860099250525202,0.40268322252527566,0.061440070766703624,0.06339859850484068,193
0.06565048941689478,0.14217919877863663,0.05973385792435202,0.06911858851190525,0.06352606762538522,0.07409540512064278,0.4020198017022684,0.067625908857302,0.05605068206261282,194
0.05883914894774612,0.08653304716370401,0.059793067776188,0.05557198040030998,0.06270379313102922,0.06329756407390495,0.5091225724830453,0.052043284269172395,0.05209554175490021,195
0.07186827136409969,0.11399074649010199,0.06412313828930578,0.07495905411193265,0.07283548421821635,0.07161553817745644,0.40551679639338956,0.06254989576942745,0.06254107518607002,196
0.05474936493722356,0.1651239828835086,0.05317364508044108,0.053564099321871714,0.05374795574377292,0.05527981915161823,0.4611684360783914,0.05260316564731043,0.050589531155861955,197
0.06027004344044683,0.19866522534382022,0.05705447356519425,0.06092312923436386,0.05694476177504891,0.05690133361665032,0.3951169966584067,0.05705421138819595,0.0570698249778728,198
0.09267650799561766,0.14782952819468329,0.0858235012089799,0.13133555053531853,0.10355278168073387,0.0795110392206101,0.19491666635633625,0.08457848184803518,0.07977594295968524,199
0.06140089270384107,0.18777216465366212,0.07977958946858207,0.05983899284185013,0.0668274129840244,0.06246461267412358,0.366182287378355,0.056939954424742034,0.05879409287081958,200
0.07691679879788019,0.16424664351311297,0.0868123040849557,0.0914106297939273,0.08114691040800777,0.08252199394446438,0.27260782781970444,0.07213530544053413,0.0722015861974131,201
0.0754781425989541,0.2321172023013449,0.09516960152326308,0.07488700003784692,0.08275658995456019,0.07898616857297162,0.21411661981212035,0.0746313470790665,0.07185732811987232,202
0.07873370980564585,0.10209598133580852,0.06449147556470342,0.06459618443186678,0.06185577889084983,0.06188621190462291,0.4423309422023418,0.061994961153615295,0.062014754710545565,203
0.07361526583264419,0.21823932798068565,0.08606208984084988,0.09169759734576069,0.0776065720944549,0.10592726352016929,0.19886754101257545,0.08013710821839981,0.06784723415446005,204
0.06642271478116266,0.1194805274790596,0.0693125719219573,0.06384136906817409,0.12467779156955613,0.0700897290331611,0.3638566542395814,0.06113538449332114,0.0611832574140264,205
0.05215685853305744,0.06488409535165181,0.05140114247357112,0.05224757187977317,0.050250132917163834,0.0502350024224527,0.5779618836357396,0.050422675821516584,0.05044063696507377,206
0.06561769857168329,0.12295889979451644,0.06405598925744059,0.07443042265470075,0.10853695973177056,0.07694976347857001,0.36371211152445276,0.061855569180953314,0.06188258580591203,207
0.15116168069355357,0.2865866424090147,0.07040700084879863,0.05504003806738194,0.06662477805591903,0.167323181751976,0.10060281606724526,0.05504888206099215,0.047204980045118666,208
0.08041831587297077,0.208137691665849,0.12238710243921096,0.0707067573045132,0.10576757987335421,0.07886258754215096,0.20061347792849918,0.06655820064031047,0.06654828673314128,209
0.05588569522997129,0.09707490630774519,0.05399179075402518,0.06523226738966227,0.06324506063403174,0.05608720598904427,0.5043706398420839,0.05202630549305815,0.05208612836037813,210
0.06322169598865318,0.23551504265280565,0.06886416441295366,0.06310279732273766,0.06773623236193112,0.08443005823304357,0.2954654103164414,0.060792388407681155,0.060872210303752665,211
0.07761866917609914,0.10545960384529521,0.058466441460531156,0.05864951827080742,0.0580655959405974,0.05618902335693805,0.46529195288977176,0.06398307443204491,0.05627612062791508,212
0.05443775537704885,0.5459843078552865,0.06302069166602761,0.06901331352207439,0.05814803700817333,0.059743700086898915,0.06756375904808767,0.04124169503822623,0.04084674039817681,213
0.06230939768241773,0.11075334857229799,0.055980320264222914,0.06719427018750271,0.06755519885708842,0.07644774045159827,0.44873537134434266,0.05385855467558711,0.05716579796494206,214
0.06365662024465649,0.3942995862060082,0.08230376470371599,0.059780264153184826,0.07325603851309746,0.07904944914745902,0.12988532885698081,0.05771875180635168,0.06005019636854546,215
0.06075539107511254,0.2998900295490558,0.07901220747524461,0.06049797687387805,0.0685538745026676,0.05797501253071548,0.25914893265886413,0.057019098310156405,0.0571474770243052,216
0.09470400565606286,0.1134608719938508,0.07574175695979747,0.1482234597494402,0.0952078676831562,0.0781689694121393,0.2523681348018554,0.07071578643980711,0.07140914730389084,217
