class1,class2,class3,class4,class5,class6,class7,class8,class9,ID
0.3376258348032536,0.08167387914499855,0.04621095853349691,0.06884966870916406,0.051239728813222925,0.05309576162008779,0.2521946099403761,0.0633194760947297,0.045790082340670224,0
0.09572942340894831,0.1452811941706962,0.12079820753150845,0.18604960397367798,0.07194744147527124,0.10123832617495693,0.13472934288029717,0.07212938078960307,0.07209707959504054,1
0.10240848000983158,0.1742178575727541,0.08199141328522284,0.13002638486675283,0.07380121614168089,0.12536819221939322,0.17094638723269873,0.07386806505958354,0.06737200361208225,2
0.056775680162098,0.09498604342217162,0.13114759020903413,0.29727575946698875,0.0729671930846539,0.06317792420141473,0.17601373535840886,0.052827793441498266,0.054828280653731694,3
0.08692968621669839,0.0846615866765543,0.05885109597036283,0.42880127492877484,0.10149715632195702,0.06560039158657956,0.06002553563462857,0.05684848027521326,0.05678479238923109,4
0.11199392333780026,0.07779740674295947,0.06707968490378628,0.3023798675438645,0.14520910933011638,0.07181395873668585,0.08939201023585588,0.06713180554602857,0.06720223362290281,5
0.12311628385269559,0.12485567605951216,0.07002080956839137,0.21494153332864244,0.14889954405203978,0.07822664097826579,0.09970177094722728,0.07014575956957159,0.07009198164365397,6
0.1683652659955596,0.141058135959185,0.06905107482277617,0.0758180455491503,0.0650087056914856,0.09488337271827242,0.2557657706489091,0.06509450217219898,0.06495512644246286,7
0.10690978381739426,0.10500696208292393,0.060876046854249154,0.22870607249092392,0.0764926054184818,0.0643834761234619,0.2336277569506822,0.06085062878536481,0.06314666747651812,8
0.08366779720124616,0.0825411275605769,0.07983826317863182,0.2104729523663505,0.08255948764300382,0.0695550795045764,0.23755949054782033,0.06969011878371571,0.08411568321407845,9
0.09035231967929531,0.08218263387783635,0.060117809731270365,0.41838640588928433,0.09326735046210761,0.05989792134655429,0.07530423357513391,0.06025969727706707,0.060231628161450675,10
0.11632184086149353,0.0650937848067024,0.060370784318829376,0.3261229067510598,0.06519506184640957,0.07015999138557284,0.18018774101555132,0.058340523527436024,0.05820736548694513,11
0.13948727722415374,0.0821029737274732,0.05890180694326936,0.07770837361950088,0.06336688418594077,0.06822193668881732,0.37469609728403513,0.06624627479945883,0.0692683755273508,12
0.12013985434148107,0.0861997960832091,0.060879975088528084,0.3093418267290402,0.0785597396290207,0.07249078821934346,0.1362387194273419,0.06461152336884535,0.07153777711319005,13
0.09385162340418837,0.08699575534836536,0.10291058658331104,0.24507451681442288,0.13549883555878484,0.10470382331600207,0.08869758171643377,0.07116903205416875,0.07109824520432295,14
0.11911096568309233,0.08662240014400473,0.06863677399951625,0.3274421461557962,0.0634940235179131,0.08316577740179275,0.11647512369283092,0.06372789690026726,0.0713248925047864,15
0.487056987194139,0.06274282610847083,0.05940540826301359,0.09858234301728964,0.05020294388078242,0.05634578278936003,0.07897259755764349,0.05051038268249506,0.05618072850680591,16
0.13904202919949807,0.08560214192029197,0.0777307515750557,0.2039352646125033,0.0883198224853962,0.07767972569193826,0.1717252608207792,0.07793701944614477,0.07802798424839252,17
0.13819696052065444,0.12387120028201955,0.07699621861973364,0.100877286700753,0.16524118572338856,0.10628813644633399,0.13421395743160625,0.07713863445267219,0.07717641982283831,18
0.08113542967318703,0.14896564177081065,0.07143293687887224,0.19700778273999012,0.10120057161101942,0.08425207399630434,0.16913897650803947,0.07142791147968072,0.07543867534209599,19
0.10328549023297219,0.19622586007359957,0.11126339342872811,0.13798593293145103,0.08569622163999602,0.10268069568083327,0.11955236612850262,0.07293742137007823,0.0703726185138389,20
0.14679586925503663,0.10443525247482109,0.0680343051128657,0.23065335622566646,0.10180045730000957,0.10343389582236806,0.10380302941519232,0.070856024612408,0.07018780978163208,21
0.11401124497729331,0.07969418010023332,0.06871515020355146,0.286088574669636,0.148749442888031,0.0735648500493251,0.09157147084344056,0.06875003112206507,0.06885505514642422,22
0.09618580216965468,0.11225024454774216,0.16078470317755209,0.14624209224307244,0.10495110935655416,0.08657959363136586,0.1402003964439182,0.07637534315699564,0.07643071527314475,23
0.07158248989659804,0.11058266528675711,0.1511650065912675,0.11708748792627885,0.11290745909443767,0.12396274183848867,0.16576437341005387,0.07566568572060779,0.07128209023551038,24
0.10243971598898602,0.07246712134518024,0.10416197860363373,0.41424350401120813,0.06282990147065583,0.06468504009366946,0.06680198532292311,0.051690758996524776,0.06067999416721863,25
0.15148095427255617,0.12673087531419913,0.07022672220763977,0.1459043406537897,0.09255884026426771,0.07008270785201352,0.20360791989279375,0.06890060927897665,0.07050703026376358,26
0.13319094997562303,0.1290777532486032,0.06476183517279852,0.2926781355710749,0.08911395895239493,0.06833711276299859,0.09298560162444619,0.06498352535167806,0.06487112734038265,27
0.08829081517433367,0.11393712256989245,0.10246551159186443,0.10826503844135558,0.07479612791361376,0.0844050197393638,0.25683564723434826,0.09843507213296829,0.07256964520225978,28
0.10884587555544416,0.1046514696281626,0.07603163438068478,0.27811767578456714,0.10952339462561621,0.0827352186327292,0.08771187081735642,0.07619239028932982,0.07619047028610955,29
0.13120315987290196,0.08893822448148649,0.06028777954162864,0.27385832324984233,0.09664881837042286,0.06909510759213901,0.15893768538403089,0.06053002087169583,0.06050088063585198,30
0.15482889418257167,0.07948281854086099,0.06678956665916168,0.073951823192288,0.06992107994961695,0.0723480945432045,0.3428470278661923,0.06658198215113019,0.07324871291497391,31
0.09512671824197047,0.08662413551222085,0.09003564621415973,0.33937224796807053,0.0908001533600645,0.06407630949440349,0.10405235680430479,0.06431144110937097,0.06560099129543465,32
0.12274954176125788,0.11196608995025606,0.07237285067512342,0.07384873429011016,0.07672872893483514,0.12003990706970574,0.2775815865288907,0.07238374991412046,0.07232881087570044,33
0.06579567559539437,0.0813727913099806,0.05498729613898704,0.11546484396151915,0.051656917387880745,0.08645460456385702,0.44080145126529796,0.05172579401031731,0.051740625766765885,34
0.1333409804823941,0.09358170171304947,0.07252767958447753,0.2828623228629016,0.0938904367903663,0.08355258307887074,0.09499736614827953,0.07261726415078049,0.07262966518888031,35
0.1333409804823941,0.09358170171304947,0.07252767958447753,0.2828623228629016,0.0938904367903663,0.08355258307887074,0.09499736614827953,0.07261726415078049,0.07262966518888031,36
0.18069641738956768,0.08816313936119616,0.07373162397536692,0.23894888358320113,0.08101966967239985,0.0856342607881873,0.10761519936158467,0.0720547815547403,0.07213602431375601,37
0.18069641738956768,0.08816313936119616,0.07373162397536692,0.23894888358320113,0.08101966967239985,0.0856342607881873,0.10761519936158467,0.0720547815547403,0.07213602431375601,38
0.20745776975735644,0.09965727785497254,0.08157638157044049,0.17700836558501928,0.09657526334599852,0.08610948209464986,0.08806543939992081,0.08180810406706351,0.08174191632457858,39
0.20745776975735644,0.09965727785497254,0.08157638157044049,0.17700836558501928,0.09657526334599852,0.08610948209464986,0.08806543939992081,0.08180810406706351,0.08174191632457858,40
0.4541226690089786,0.08329007246330257,0.056393531092686064,0.09937804313847663,0.058480756894800937,0.0655498153808063,0.07205864348668276,0.05652265747459672,0.05420381105966936,41
0.13461877051156745,0.13019172924983458,0.09297387639293106,0.20302301325482114,0.09264350080498414,0.08852621595876306,0.09443898178118354,0.0817737701540281,0.08181014189188723,42
0.4146303424831153,0.0743373075979579,0.05524516324970347,0.1601906195545758,0.0522343418198027,0.054264408467520016,0.08490288840741705,0.05215338331194834,0.05204154510795933,43
0.1272330034955607,0.08804555042668741,0.07476182574693864,0.2860010645377395,0.0885753147707736,0.09750246005564088,0.10499210108239364,0.06516646447757808,0.06772221540668773,44
0.19221168984668793,0.10477795929297513,0.09111204962640859,0.15539410157921213,0.11444684078838593,0.08479945986368206,0.09174476058157131,0.08280145758485916,0.08271168083621792,45
0.09507295928160846,0.13684628004958438,0.11115168594756718,0.14088718865834035,0.10387482618644399,0.09699805718748719,0.1454777637239975,0.08494450047072498,0.084746738494246,46
0.19726929658078463,0.10753494932270612,0.09344934269366759,0.15948293850277698,0.09120566456560071,0.08703076181829476,0.09415881208543951,0.08498018672359277,0.08488804770713705,47
0.11754963080932217,0.19508344747775938,0.07603971916206835,0.0821414079989277,0.12901399069595312,0.08868237164546304,0.17573232187349072,0.0678010015353224,0.0679561088016931,48
0.1272330034955607,0.08804555042668741,0.07476182574693864,0.2860010645377395,0.0885753147707736,0.09750246005564088,0.10499210108239364,0.06516646447757808,0.06772221540668773,49
0.5467736111355521,0.051218767078336724,0.05482176184627056,0.07728029117787914,0.05003154846390893,0.057988121000930294,0.06293675190519976,0.049469783458866635,0.049479363933055735,50
0.5051561854713599,0.050431456660292785,0.05193404637960721,0.10834462094083033,0.06550516433699242,0.05613924924921777,0.06020144852993359,0.049993766834758174,0.052294061597007835,51
0.1756186236717282,0.10176343144008623,0.07206098570591705,0.14531367836512624,0.11084357856232839,0.14882965627672826,0.10129349900996149,0.07215875845708306,0.07211778851104113,52
0.4503692992604991,0.08709059760521444,0.059220812466860555,0.08069509425563433,0.06418008901193595,0.06814251199324141,0.07172437850969855,0.059279767332220186,0.059297449564695466,53
0.5213900259553579,0.05605460878038471,0.0563177650413592,0.08170704898608078,0.052985047751184094,0.05640288811508038,0.06862830659206064,0.05016256004252112,0.05635174873597118,54
0.19220977486725552,0.10477691540414,0.09111114188920896,0.1553925534085016,0.1144457005697739,0.0847986150179724,0.0917438465407568,0.08277725758434663,0.08274419471804413,55
0.08390489339509917,0.12770793208936457,0.07341592189159431,0.22770975473082003,0.06512252443885169,0.0707145483501178,0.23516597548503604,0.05414825787601932,0.062110191743097135,56
0.5036352941090776,0.0801809927403012,0.05046938299447766,0.08204569436409404,0.07167423807716118,0.05427855521247086,0.055087366247754475,0.05205944874831438,0.0505690275063487,57
0.48759138554503856,0.06206499728328865,0.05843073866448268,0.08421114684856418,0.0693436664977641,0.06044417135381295,0.06943038649297631,0.05243890390496704,0.05604460340910571,58
0.099895184665442,0.1498705608653013,0.0632550051310488,0.239054886608468,0.08269994047394091,0.07159756299730059,0.15369491280765116,0.07651525148571667,0.06341669496513062,59
0.5067243160262729,0.06883981959917787,0.05671807159554882,0.06468799700192197,0.07116318816469178,0.06431008360164175,0.06136557215580877,0.051543188807467825,0.05464776304746827,60
0.1152585309388737,0.08925354641134928,0.075787567364438,0.28992503498140526,0.08979057918862002,0.09884020602543796,0.10643260586558936,0.06606055653608672,0.06865137268819968,61
0.23308483315551096,0.07641556349853633,0.06613094209930731,0.17687691082188042,0.09774061571844153,0.07822986661345535,0.12698024402582497,0.07157786828588204,0.072963155781161,62
0.10948840423594502,0.07610368271330847,0.07573196913343717,0.17212055322424863,0.0795599210116714,0.20071592079621953,0.1488322800135075,0.0687452721715187,0.06870199670014364,63
0.19221168984668793,0.10477795929297513,0.09111204962640859,0.15539410157921213,0.11444684078838593,0.08479945986368206,0.09174476058157131,0.08280145758485916,0.08271168083621792,64
0.3886299597779802,0.06170396999355543,0.05587534371758208,0.1161603930971766,0.07447415569983033,0.0986833196978041,0.08670972132227543,0.057933926850940766,0.05982920984285484,65
0.09929466701062803,0.06858926317896516,0.07115603951933329,0.3795393326590323,0.06882283700832405,0.10397501266817277,0.0859471675833154,0.06018671015798279,0.06248897021424641,66
0.14435259921661012,0.08466650264342793,0.06122013870050085,0.06710221278276389,0.06379385382236338,0.09971068946405966,0.3537983559759614,0.0639308697845559,0.06142477760975678,67
0.06820354865544767,0.06447722371589731,0.057608778178439644,0.06321290765715656,0.053827766388202525,0.08359037225323683,0.49917036745721993,0.056060940170547864,0.05384809552385166,68
0.09750006692718417,0.08671300217242413,0.0656514543700359,0.10762730883792035,0.07106067222339875,0.07699437576887837,0.3609676057811258,0.06911399934904337,0.06437151456998917,69
0.41194610607081833,0.06004883132902027,0.06033071758095966,0.09898517753022154,0.07362181662999039,0.07788716061428644,0.09702593498527803,0.06022592066205519,0.0599283345973702,70
0.08479200665304569,0.2283095915954106,0.08267040406179295,0.11587955460863913,0.06436882308120481,0.0732008219422292,0.20731071969327858,0.07535129643039651,0.06811678193400286,71
0.18155082554441915,0.10835611273280803,0.09523287429644242,0.14789647783380336,0.11024032885488841,0.11067048873257074,0.08667953093633496,0.08216927484424821,0.07720408622448466,72
0.1100429291983387,0.08379112664465582,0.12344982274122378,0.11472359501435596,0.09772777999769912,0.0632663943070291,0.28366135981073615,0.058743281397308576,0.06459371088865272,73
0.12974955689441675,0.1007153115581114,0.10894452322951012,0.15693176582707846,0.07858237448839149,0.100387568551086,0.17631601204219327,0.07508478530762203,0.0732881021015905,74
0.07847540273578403,0.27562253580856216,0.07227538695078485,0.10992892009967807,0.07568923916895771,0.08018815544621234,0.16239157591977213,0.0697373527471244,0.07569143112312426,75
0.08666884374451991,0.198431780653275,0.07201242785515548,0.17479510576174273,0.07158406924582446,0.09224061315110894,0.161286872947087,0.07072917795036489,0.07225110869092162,76
0.0652399198707504,0.12844472496169815,0.0756447347466384,0.27182482705004973,0.08670582499053696,0.07122392816994308,0.1760432553342696,0.06240399450296827,0.06246879037314537,77
0.0865773938340025,0.1474519462639675,0.0798337320501544,0.23173163965202465,0.08237501861674797,0.07462618522301981,0.16605421777441481,0.065739152310219,0.06561071427544933,78
0.07292025133618206,0.09966575275631899,0.07003626510746906,0.11603634608519611,0.08089756651295175,0.06437657725433309,0.35883088270378194,0.07273085343883313,0.06450550480493372,79
0.0971682688162831,0.11770008427315289,0.048040586165820603,0.2801890653348596,0.049110334802164105,0.048007648993970094,0.2625856354995341,0.049109762331923705,0.04808861378229182,80
0.09164869539977119,0.13613628149415377,0.0905528373576087,0.20811241084204554,0.1030823805218224,0.07936647503367025,0.14077140268283317,0.07513955298378139,0.07518996368431352,81
0.25876532756334103,0.11834437121974659,0.07032191191306139,0.10944822332836217,0.08426203274327897,0.06752190066598165,0.15556194770582607,0.06789353969065369,0.0678807451697485,82
0.15830746627280867,0.08557865225295848,0.08153194702019954,0.19452528891067583,0.09327293551388696,0.07686339234155676,0.16128502112175191,0.07434837713260431,0.07428691943355735,83
0.0970416976639327,0.12586181947329247,0.07335648254467887,0.1212544757202061,0.07727448618870936,0.09911929766299236,0.2711145785378682,0.068165137539732,0.06681202466858795,84
0.1502877166198066,0.13815867778163976,0.09440345517795817,0.1379586039869596,0.09261902477102135,0.10275092940890657,0.10758100978952756,0.08758793175732862,0.08865265070685166,85
0.13996800884795343,0.11615214424585654,0.0733874861969327,0.08166078203384196,0.0748036729516956,0.10454211261195506,0.2627384579791714,0.07336488484619894,0.0733824502863944,86
0.08115140189430846,0.15622336863242955,0.05943709556930977,0.06706897838873116,0.06495095311320034,0.06511547815720442,0.3848928942589571,0.059396605940969176,0.06176322404489004,87
0.36708317896560816,0.09594001930720845,0.04816480053888432,0.21295263891373534,0.04785953092380296,0.0479196771360155,0.07522375988016691,0.04916536835033426,0.055691025984244025,88
0.08859709768169648,0.09228221494453281,0.0761280082173802,0.31832332194905516,0.08675348886697194,0.07606051798147556,0.10941550608937892,0.07620168853560531,0.07623815573390358,89
0.16020431095667423,0.11135522804707912,0.0790165117992538,0.19091939227548108,0.1124071472646718,0.08235632405509197,0.08965807449080922,0.08654614159559762,0.08753686951534113,90
0.08646660569871151,0.06279789630150236,0.059709169935325206,0.38223417357601014,0.06200358714284732,0.06577902820103568,0.16151389837671376,0.05974674811879505,0.05974889264905904,91
0.07346760783541856,0.09306856490691194,0.08799422163809133,0.2991943548821541,0.08929150033956966,0.07355206482822312,0.15426010447315106,0.06459579130365077,0.06457578979282945,92
0.09056574622811361,0.07732142854979976,0.059005287958447554,0.43534435482760814,0.06123427861051876,0.058920029419230344,0.09951102100988306,0.05904259235482973,0.05905526104156909,93
0.26364893361747815,0.07436660041528642,0.0918005319626819,0.19247736183373934,0.08437711121470012,0.10684701926309868,0.06405193304707558,0.06215129727697416,0.06027921136896573,94
0.07588561159205881,0.08900260063707735,0.06090980914913169,0.2668344621412812,0.06686393955591312,0.0778243952663592,0.22984262928274898,0.06561907302877568,0.06721747934665386,95
0.09621950390521873,0.10136667799641093,0.0695957798312313,0.2839493441231493,0.06961779263341206,0.11185071221736297,0.11035873414572898,0.06962289885462018,0.0874185562928655,96
0.08034408469748591,0.07413692352731727,0.0607985226291917,0.16834320015072896,0.09884080734584036,0.0610890296464438,0.34331641486885384,0.05709437095379215,0.05603664618034606,97
0.09978646436904452,0.10549886276980958,0.06066059083964781,0.2140794682873508,0.06934817300404714,0.06740896519761913,0.24341427269763546,0.06530294438987927,0.07450025844496633,98
0.18671574387333204,0.06962354790189647,0.06659308445364633,0.17054757039683563,0.07199034080253285,0.07767102957929085,0.2260012757055493,0.06405757695856484,0.06679983032835174,99
0.3409030872757566,0.06539042345911258,0.057777284550192355,0.15574227157514325,0.0658744610815203,0.06851982945881903,0.12794472563347942,0.06011500820371035,0.057732908762266257,100
0.16491626208906612,0.10215048817170161,0.09359874029455069,0.1144772367858984,0.08358102497828798,0.10331283332767568,0.17394360804884187,0.08426381353501784,0.07975599276895992,101
0.10503178450281282,0.05578313007515896,0.06971813603851214,0.2905787813598241,0.20196970249610588,0.10107890942597504,0.058936764180770734,0.05772739546508667,0.0591753964557537,102
0.09713760225697872,0.07455328956291979,0.06121326036792612,0.4236662557933572,0.05903285964694592,0.08450934508009368,0.07828935548730627,0.06299011810495302,0.05860791369951942,103
0.11790830000470649,0.14519251292425903,0.0733605983707119,0.22495199417945383,0.07682919844568649,0.1110081067285257,0.11580534644465124,0.06841298419336596,0.06653095870863951,104
0.0865056037363635,0.06850295841703355,0.10278556141441442,0.32122868693078926,0.11503464221773181,0.0966784285180436,0.07259906692410585,0.06836880528722518,0.06829624655429264,105
0.139350816974807,0.0650013652366684,0.08711006592104399,0.17878997413384803,0.20424798806792008,0.12845546269837457,0.06754542053547494,0.06474743593611718,0.06475147049574584,106
0.43932454687753325,0.09313382078156715,0.06056829643840201,0.0691223884198935,0.06839658503124048,0.07753337941919825,0.07626031013925366,0.05840211647123782,0.05725855642167379,107
0.1847402264198128,0.10187298418876639,0.08457575702341172,0.15764699615350194,0.11119751380652551,0.10383331085324621,0.11090273509797666,0.07261215730583326,0.07261831915092534,108
0.13834177940367678,0.0804542507512319,0.05985551282575176,0.38749283161588505,0.08785922152337632,0.07612372260575863,0.05788268410056106,0.054932827693433245,0.057057169480325264,109
0.4436115908020415,0.045939056923501184,0.052638518794895416,0.14564233163491225,0.06888134893739872,0.04927948565911421,0.11261601195618175,0.04112513432828372,0.04026652096367127,110
0.16224356461749603,0.06139146952319214,0.09487392238424718,0.18804070188490848,0.22225104765493803,0.07934031170692299,0.06485506203496476,0.061733988818730205,0.06526993137460016,111
0.11963561245732299,0.2006334883694458,0.06927230815089885,0.2320597797547186,0.06290199141046503,0.08305280912475212,0.10177856986179248,0.06815693421981658,0.06250850665078737,112
0.1611999913895728,0.06400935730925637,0.06407724514866804,0.3061130573750665,0.09173353493811613,0.09977431284812607,0.08487409860946603,0.06420933510136324,0.06400906728036497,113
0.12934890183397196,0.09089575980613002,0.07089638933983133,0.32253428383600613,0.07217576068943037,0.08963644416848261,0.0866732023606794,0.0682267123165767,0.06961254564889163,114
0.3714227972360732,0.07216239781735355,0.05790204458114135,0.14167154831980705,0.057729008615083684,0.05777344570489888,0.0840863934412469,0.06845744828739489,0.08879491599700046,115
0.5044730130857271,0.05085734960112838,0.05020760109492028,0.09677452385415243,0.05697146834727122,0.05968680099786639,0.0776817945368796,0.04929050343667722,0.05405694504537722,116
0.38576298209242216,0.06924677265475374,0.056392763726655866,0.10341976016332555,0.059415913901086664,0.08080284151512979,0.1308613800088503,0.059771620468668116,0.05432596546910802,117
0.49600694305381005,0.06251336201427192,0.0447816567231026,0.12206590813206125,0.04479356685566713,0.06689661213279403,0.05575715342045732,0.060599574119218305,0.04658522354861734,118
0.36151489601706543,0.06860973658024824,0.0606097977967176,0.19458250042129743,0.05843828786641272,0.06296400757631175,0.06157382052187355,0.07335647874964125,0.05835047447043206,119
0.19889718610336932,0.07983054010222558,0.06696440391218916,0.31093237452167116,0.06369401423196634,0.07389408150522224,0.07566658302661806,0.06865115383692962,0.06146966275980867,120
0.07554276147100582,0.08095063086737829,0.05646602805832723,0.10578169183831541,0.06376618025365051,0.05663266055883305,0.06224059411078565,0.05466982781039401,0.44394962503130997,121
0.20149503104070574,0.0656861984853772,0.06841810532203393,0.11012478271922033,0.07451692978167586,0.07808609108789004,0.07923403610098113,0.06590159700326677,0.256537228458849,122
0.11018448281803428,0.07445568398652955,0.07865342418973367,0.09741144923249502,0.09043820970245671,0.1122087799727682,0.08211245514406322,0.07469302028046705,0.2798424946734523,123
0.11018448281803428,0.07445568398652955,0.07865342418973367,0.09741144923249502,0.09043820970245671,0.1122087799727682,0.08211245514406322,0.07469302028046705,0.2798424946734523,124
0.1500786913956967,0.07103031057791612,0.0657340643294844,0.10237192557312569,0.07169040616380498,0.09630270834850936,0.08623613922234485,0.07589566738705915,0.2806600870020587,125
0.14433380208258678,0.0747574304054161,0.06611579343982188,0.14982820905709396,0.07208647144855809,0.06356639998792564,0.08764262832817887,0.05928104488293117,0.28238822036748745,126
0.11230225642855254,0.06654753779103327,0.07438111657997991,0.08823725251703766,0.05934693842205199,0.0769943146471561,0.07136171175172566,0.059520461774699975,0.3913084100877628,127
0.20149503104070574,0.0656861984853772,0.06841810532203393,0.11012478271922033,0.07451692978167586,0.07808609108789004,0.07923403610098113,0.06590159700326677,0.256537228458849,128
0.08293463629345921,0.06367928128944954,0.05024942878950178,0.16488558880164067,0.0598439786666746,0.06546411088652247,0.06949929615383675,0.048595397289420215,0.3948482818294949,129
0.10808315874225267,0.0919468187155953,0.06593817247116115,0.10029786476521292,0.07232715285855336,0.08285521694461022,0.09841098577868071,0.06597294140407786,0.3141676883198557,130
0.10233419474495897,0.09793259009302807,0.07295019594271329,0.09971538172141589,0.05806736329451637,0.05806978372353596,0.06981728471671478,0.058273584788334255,0.3828396209747823,131
0.17076899869476084,0.08893286622797382,0.07364857024501394,0.14301483563618148,0.15961736587159397,0.08256877067564365,0.12056706998896682,0.07371930875002529,0.08716221390984004,132
0.1993527024591961,0.07616422173493442,0.06258234104534738,0.11485819373973431,0.1054488955192575,0.06184004106139882,0.07346150366025705,0.06458916157289127,0.24170293920698302,133
0.10784079067857702,0.08846678417214103,0.08648137469310244,0.10093723445420381,0.06905948257827371,0.08611748339841754,0.07685412462162833,0.0692102705675071,0.315032454836149,134
0.10201240730480457,0.08669685879279034,0.0748356799327201,0.15505539139791624,0.0718727029947931,0.0760031375254313,0.14211673003598846,0.07471252163707062,0.21669457037848538,135
0.10640725567890919,0.12815044345678794,0.05635298801969273,0.11697047689006052,0.05381811715049665,0.05755597090300163,0.062078759297038766,0.053888713880208654,0.36477727472380383,136
0.20564521179524745,0.06319034556198126,0.0647790400637787,0.14003381896035572,0.07663149994817885,0.060395421333298206,0.2613987221340137,0.06623247378440202,0.06169346641874404,137
0.05482526086194024,0.06933492873828828,0.059411091853705994,0.05513971173193288,0.05519606942454842,0.05950287941860526,0.5381935075011828,0.05416925090001088,0.05422729956978512,138
0.05474175070751416,0.09777578116331935,0.05493662587227478,0.05412173007961865,0.05320098330894029,0.07302359449474143,0.5054662463846894,0.05387988855738249,0.052853399431519565,139
0.09947419034528386,0.21425641451112049,0.0869768071841814,0.09333452513325487,0.10674114708392783,0.10769489008660864,0.09212727296511826,0.08718651547162509,0.1122082372188796,140
0.058243986437550105,0.13984764634849853,0.056557084048620254,0.05772315728610087,0.05874408936329066,0.07215641246625858,0.44244378460087236,0.05770588550251646,0.05657795394629215,141
0.0605946243062241,0.30756054495838964,0.06223095833268251,0.09091544939424949,0.05978353186364533,0.06156186465670449,0.23181894538234873,0.0609853269860193,0.06454875411973643,142
0.09515716707117373,0.06259422991278937,0.06592196719996982,0.060043115116207864,0.07235289879189223,0.06753888401126396,0.45611093155386073,0.06267040155018015,0.05761040479266214,143
0.05729820142242057,0.1538135458943101,0.05563869150950447,0.05678582966609506,0.05779018351230977,0.07098471289982754,0.4352592368542757,0.056765820161670665,0.05566377807958595,144
0.11369677372937839,0.18425598755481298,0.07912039360466992,0.09794419684750512,0.18014658323621208,0.08738116821405768,0.0990376964803303,0.07920283485220246,0.07921436548083116,145
0.04828989059060401,0.1612123631983491,0.057584856832897095,0.05102484878608129,0.05058881084674787,0.0664041140957133,0.46157199925110676,0.051396598437691586,0.051926517960808986,146
0.06215614499260495,0.20958570608226088,0.061700285997958036,0.0637243122875357,0.06525769681368619,0.06277732148795521,0.3514051545876305,0.06169164583250953,0.06170173191785889,147
0.06254743340104636,0.13542402114516977,0.057924368354877485,0.06385761294763867,0.0770231376846382,0.06516014794022593,0.4174761380031755,0.060071349481551045,0.06051579104167695,148
0.05138522626008524,0.0714039618496083,0.05101890018918484,0.05204019430911424,0.05095361495736265,0.05761084412442894,0.5635646293108479,0.05102069313600584,0.05100193586336203,149
0.09059697624673786,0.10695783082142017,0.06619294331396268,0.08452965023369322,0.06619236071593938,0.06733254758776137,0.38314244973447753,0.06887680507178795,0.0661784362742196,150
0.0752935327432133,0.2952787811624501,0.06979062142396882,0.08280537296222233,0.0990011987669899,0.07804191443860406,0.1602663180650208,0.06976393574313992,0.0697583246943907,151
0.07690808968013176,0.1909177494467106,0.07056654693432055,0.07837185865633976,0.0704416208626719,0.12964949202999052,0.233527395312201,0.07901826380105349,0.07059898327658026,152
0.13570563076934597,0.16719046324581313,0.09802890066175073,0.12090844152320178,0.10148622649526477,0.1091294009902434,0.09873170924983002,0.08441404044487374,0.08440518661967657,153
0.054447965721172054,0.24604618513921347,0.04953381103299163,0.05164562497361417,0.06271904891164923,0.05136605345156421,0.38199485540087297,0.052643212902207824,0.04960324246671446,154
0.061115722765601836,0.44339926333459123,0.06242097976742235,0.06884190080051304,0.06100548243583853,0.06661381891883987,0.11668093524803624,0.05991649190129252,0.06000540482786427,155
0.07028972052689235,0.27786072267424905,0.0854984081542693,0.0937959306692304,0.08368791303396733,0.08081509978229298,0.16930886558057898,0.06939422549685628,0.06934911408166318,156
0.10811065809373704,0.19037420459452334,0.07888974797670185,0.11748877078461895,0.12484805351950909,0.13355375282374207,0.08839386498595836,0.07919215222182296,0.07914879499938628,157
0.06425220191607528,0.28481003911184644,0.057939117203827585,0.058152464284033735,0.06647173897152113,0.11011766868622556,0.23425058769265167,0.06492536856228845,0.059080813571530284,158
0.09076415088894478,0.303781295692416,0.0767121679014477,0.12307274899932368,0.07260943477542899,0.0891954596911368,0.09760620075934458,0.07310760758874738,0.07315093370320995,159
0.052251609040324845,0.13004043949864308,0.05172988324454929,0.05833378211031772,0.05170422001854437,0.061351733275001354,0.4900740159089382,0.051691962448244796,0.0528223544554365,160
0.06045570060340297,0.4342488540071824,0.05956658050206314,0.06812505106028524,0.06503428557617356,0.07909072841224456,0.11186852909642388,0.06203269238211636,0.05957757836010787,161
0.06192479228128621,0.10108179323908148,0.06127824444585632,0.09401537047017548,0.07409586341116829,0.07357010681182166,0.4069124788914408,0.06125035638128527,0.06587099406788445,162
0.077937676210819,0.1039847174139598,0.16706525479586654,0.10657453606808116,0.1188566532738066,0.06363572324768657,0.23129588629214037,0.0651303039648211,0.06551924873281889,163
0.07335297992258723,0.3254267312744792,0.05585192708652748,0.06042175992196425,0.054471281995624295,0.11364085017911231,0.21525045929033726,0.050964327186656104,0.05061968314271187,164
0.058303031688289465,0.16367695666559814,0.05778926153629948,0.05921321420270103,0.05820584847957247,0.07672431755524448,0.40933749251963375,0.05894446040168565,0.0578054169509757,165
0.1007972245543772,0.07294532008204921,0.06068307252231502,0.06121872290634571,0.060591803285905944,0.06049040494872149,0.46304350826996943,0.060691037612000905,0.05953890581831503,166
0.07002392453574945,0.13275196068002074,0.06710768519053356,0.12812515821204304,0.0643444523510006,0.08593265741191014,0.32109755609432344,0.06599011825904266,0.06462648726537647,167
0.09870270101799915,0.26236808045891996,0.06770093692491065,0.12366957757627918,0.09926123936065147,0.08421770957301912,0.12949170804529217,0.06545449169816356,0.06913355534476474,168
0.06330132934302808,0.0748340544443624,0.06246808364830391,0.07756461645175869,0.06493818498663999,0.06484602498370948,0.4619241811814993,0.06633165053615274,0.06379187442454527,169
0.0956679159676211,0.10808881536971918,0.0676680092389665,0.08823631797139118,0.08579682786912365,0.0749886618036906,0.3386210205716781,0.07319529999150054,0.06773713121630925,170
0.0791323185437347,0.27188021788925315,0.06884536457887361,0.07732703230844726,0.10196458145454183,0.11087376315189906,0.15230499044615242,0.06885865850860227,0.0688130731184955,171
0.06417825362230617,0.2512193566590981,0.05873062597872027,0.09215547101651558,0.08775791284564854,0.078147592564682,0.2453305147350517,0.06359520889613972,0.058885063681837845,172
0.06805443001062496,0.08657519889365968,0.060873098045414714,0.07689724504192613,0.0811781256694264,0.08408707756503066,0.4169907423435442,0.06435101995764099,0.06099306247273245,173
0.05121868101107342,0.06931443896943065,0.047470986398165924,0.052336860030090394,0.04922826264502357,0.05826015342577045,0.5772638790307189,0.04748305447262449,0.047423684017102244,174
0.05474175070751416,0.09777578116331935,0.05493662587227478,0.05412173007961865,0.05320098330894029,0.07302359449474143,0.5054662463846894,0.05387988855738249,0.052853399431519565,175
0.06610169207597273,0.08675385781618473,0.060998717417319534,0.0770559322770685,0.08134564704564082,0.0842606019330717,0.41785125572014675,0.0644862788520127,0.06114601686258268,176
0.10946451903944718,0.1211942855415624,0.08656286823124733,0.12891618042795241,0.120578659178889,0.14649105314993074,0.11299006219293618,0.08690823901810488,0.08689413321993002,177
0.0752382478156953,0.20410566977935332,0.0591303402016426,0.06052854888593475,0.05907017661149972,0.0671605266609521,0.3564607636449201,0.059113808868703994,0.059191917531298294,178
0.06477364657312615,0.18939106391849517,0.07505341075562857,0.0650804890832639,0.08820187296331487,0.15648617583938582,0.22728936087475177,0.06315871925638708,0.07056526073564655,179
0.0696038975940173,0.27859465122245014,0.0729805844695386,0.06366695881505717,0.059827904498944685,0.06307825904613731,0.26966112563510036,0.06214577592332703,0.0604408427954274,180
0.05988737982913533,0.2841181374289755,0.055991027608770325,0.06324450008539273,0.07471553012069229,0.056770798615767025,0.2872142881267734,0.06211004600590701,0.05594829217858652,181
0.06256064058754249,0.4281447498195307,0.0759791319054042,0.06783665668154515,0.06286964019901424,0.06644739106614722,0.11255219800657777,0.061818827061339295,0.061790764672899096,182
0.10130483538064708,0.25768087755146313,0.09700573446917993,0.08196221451739626,0.12197281978851446,0.08447277599326646,0.1011225655400212,0.07727068025478348,0.07720749650472787,183
0.05190271518824428,0.06824404550217357,0.052530695283077425,0.05256966257158657,0.05248114901149804,0.05819698939046965,0.5610317562578665,0.05153978877166768,0.051503198023416394,184
0.06053473852523804,0.444717715850175,0.05620405305461547,0.08421263335944147,0.06554634995500318,0.10358970694384816,0.07683886396495986,0.05422629029436955,0.054129648052349266,185
0.19691988982279496,0.33993061936264246,0.05618692617402643,0.06279850804310128,0.10700186609974033,0.06185292705220503,0.06702780042236356,0.0541558089816642,0.05412565404146176,186
0.06086220352476418,0.10800590137914852,0.06201316268978478,0.0743677357146922,0.06127384271902201,0.07301286413453192,0.44005485425956686,0.06019859072696595,0.060210844851523476,187
0.06330132934302808,0.0748340544443624,0.06246808364830391,0.07756461645175869,0.06493818498663999,0.06484602498370948,0.4619241811814993,0.06633165053615274,0.06379187442454527,188
0.05945828749898494,0.1775532444692468,0.05892310220962206,0.06078655850309215,0.064658422657203,0.059937529132031424,0.4007476497253294,0.05894371180827935,0.05899149399621081,189
0.09810514377841012,0.08072367712237714,0.07768092897258908,0.22124917016230117,0.06784449720815712,0.08658546263218463,0.22404880607211405,0.0720666546938687,0.07169565935799795,190
0.0896861678717013,0.43288268900748367,0.06240194482869868,0.07825746426582003,0.062271579393530105,0.08368194706986679,0.06594797064463523,0.062467041887474734,0.062403195030789546,191
0.06306738213392482,0.17844724018036795,0.058664877030014446,0.05518316416232095,0.058451343974853825,0.08691818344050907,0.3943486539288657,0.0524764971864499,0.05244265796269318,192
0.058243986437550105,0.13984764634849853,0.056557084048620254,0.05772315728610087,0.05874408936329066,0.07215641246625858,0.44244378460087236,0.05770588550251646,0.05657795394629215,193
0.06151237914739233,0.09052301579464798,0.06087764732007305,0.06476255645991444,0.06317878283822602,0.063174254728101,0.4741621074475998,0.060888655844428166,0.06092060041961725,194
0.07023279650681802,0.09453843693896348,0.06905230085981143,0.07523907341128463,0.07030886985944586,0.07579976560178425,0.40389607845239917,0.07187153238898245,0.06906114598051089,195
0.11058442831803662,0.1544605264740744,0.05703834156575794,0.18160497614275647,0.07820834009437075,0.0624725240189014,0.24443199744857255,0.055585848280841454,0.05561301765668835,196
0.058303031688289465,0.16367695666559814,0.05778926153629948,0.05921321420270103,0.05820584847957247,0.07672431755524448,0.40933749251963375,0.05894446040168565,0.0578054169509757,197
0.09784887018170275,0.14562225985136426,0.05650178914314994,0.059190491396093614,0.06004684889495532,0.06953590302224502,0.39627672826999744,0.05659793070587383,0.05837917853461787,198
0.0966095243475697,0.11038264751827741,0.06296615230129311,0.09293706546756492,0.08250053590942359,0.07362471259369607,0.36465422705102135,0.0599631222541456,0.05636201255700832,199
0.055043736959217625,0.1550211730951569,0.060976288987640306,0.06165900727195581,0.0643563157322749,0.08391387958982396,0.4102218221866101,0.054358140384530663,0.05444963579278979,200
0.07952018485101083,0.2733030454060566,0.06427721312059023,0.0986244053594183,0.06863903898812238,0.07409208050277229,0.19994672197654687,0.07499865841387165,0.0665986513816109,201
0.0518028773858139,0.3170740517961625,0.04816874065014,0.04532686453976415,0.051076633448631364,0.07651104000975667,0.3238154127294054,0.043122857898737106,0.043101521541588965,202
0.05118253048191525,0.06010908407958135,0.05651835211313093,0.05515382066972582,0.05070125411369201,0.05153347106667085,0.5732122211601791,0.05082310211874,0.05076616419636471,203
0.08424765428745828,0.15292599506691554,0.07775200093799992,0.09134948004311301,0.0909977173351205,0.10217456228999665,0.23172015032250495,0.08939352058108606,0.07943891913580504,204
0.07353240105773821,0.11087898284968055,0.06736314068359568,0.05602414343248439,0.11379245527569626,0.07335750970810366,0.39424925577887715,0.05537232615822248,0.05542978505560148,205
0.05918843261224397,0.05594728473005892,0.05230926008002641,0.059723026812020075,0.052232541268515405,0.05317706496246268,0.5628911492267681,0.052246189723733516,0.05228505058417084,206
0.054451777504771294,0.13844978984808734,0.07755982309151431,0.10198893183237166,0.0582106398241364,0.06523499053212907,0.3976679842980485,0.05781874451520618,0.048617318553735224,207
0.08905950277687802,0.20522892139845866,0.07541332154582057,0.08278745234036282,0.14081672087037245,0.1189650544551677,0.14426958808404267,0.07172234855049808,0.07173708997839914,208
0.09636637379780609,0.1049567072044975,0.0534262255217402,0.058763092578202294,0.1367367989602998,0.059466065942018934,0.38139859655948527,0.053580712938028054,0.055305426497921834,209
0.05310238387297794,0.08319015555964084,0.047433505995462595,0.07147354084018992,0.04731001727939162,0.056147939559556305,0.5435522751670714,0.05033248733548998,0.0474576943902195,210
0.06124623654518839,0.26129184488522195,0.06063604890465108,0.07388943131002933,0.06303136526428092,0.0779507805575142,0.28043305495418075,0.0607674638182328,0.060753773760700666,211
0.055151599024532226,0.051178185599118645,0.05654127428641368,0.05185959468945866,0.05077263213025022,0.05161821711295916,0.5811438106576196,0.050894651674820726,0.050840034824826984,212
0.09031246921330384,0.3568754747856304,0.10476300611179237,0.06692124947249825,0.09112384860911993,0.06829712726910947,0.0912140570787787,0.06403280952749167,0.06645995793227527,213
0.056034133084087036,0.05177666755190643,0.05192019747423799,0.05889929648464003,0.05909036337402207,0.05466991457531644,0.5620687475363847,0.05192161989847711,0.053619060020928165,214
0.06948277523867644,0.36950451686479535,0.07562354178928127,0.08475936799781768,0.07518391326305754,0.07009075485345721,0.11488847355119905,0.06890592719422416,0.0715607292474913,215
0.06046317399115731,0.20621097868262236,0.059237732315916405,0.0885208857498953,0.05405219996646937,0.05577267787214707,0.36395896010344303,0.055726514493266724,0.056056876825082314,216
0.0862987602682376,0.18447400302163525,0.07201115490903107,0.08918714629124347,0.09516133791474048,0.10477371962743826,0.22929832308438244,0.07143301073092898,0.06736254415236256,217
