class1,class2,class3,class4,class5,class6,class7,class8,class9,ID
0.24254863653657105,0.14314741143003173,0.05442146024338677,0.08036954794990053,0.04907337332889006,0.0527929066484868,0.2745294912235262,0.054015766909750254,0.04910140572945672,0
0.2016903037230084,0.16966948267390988,0.07965322821087525,0.12540589230942187,0.07798769526962805,0.08129328109046637,0.1308828518245506,0.06824887961536373,0.06516838528277584,1
0.17256287035998208,0.153434624553562,0.07489372689370317,0.13681286838458515,0.08257297610142761,0.09749926794789221,0.1418201597593167,0.07215712992679124,0.06824637607273974,2
0.07179707845936152,0.09978736862988118,0.08443262176305938,0.2375594673893312,0.09082516421316217,0.07998054772304486,0.20363749586064783,0.06602738649709504,0.06595286946441684,3
0.09080137681954159,0.07877969703432329,0.05677844056493731,0.4138213476748179,0.1077694541950339,0.06833386836460115,0.0736014432769795,0.055044374998228084,0.05506999707153722,4
0.09777647122486935,0.08413976890321746,0.06814003950711799,0.3462904560767004,0.09777665121302803,0.08613976825197904,0.08973778053711026,0.06501199059828214,0.06498707368769532,5
0.10435476174271152,0.08775759380175197,0.07791722701165724,0.20414896561321091,0.2063944011577404,0.0746914676570378,0.10561111200569501,0.06954647034222543,0.0695780006679697,6
0.1618398175037651,0.10198383890728639,0.05994594788957199,0.07025803315860119,0.06341308306698132,0.055457857588316964,0.335653668682382,0.056177505818865395,0.0952702473842296,7
0.10675849245974692,0.08902713604414299,0.0788692452038761,0.19793555935510598,0.10112227671570112,0.07053976046338345,0.23796504007801988,0.05891121568893482,0.05887127399108877,8
0.08634514324437043,0.09252770067674779,0.06792295504378427,0.23772764669160748,0.08626417752404542,0.06776257739472248,0.22563658531083156,0.06791949773594137,0.06789371637794925,9
0.08664765711743833,0.0809550351547733,0.07827980052589495,0.3578558558109515,0.09781117222197606,0.07479026250142704,0.08386639843783215,0.06989942995038566,0.0698943882793211,10
0.11573645878742489,0.08875373392922871,0.0601063585855011,0.4182423663892593,0.055147239960394376,0.05160919682943636,0.09998324611541702,0.05308599167676519,0.05733540772657319,11
0.11797797351226914,0.10973866450571959,0.06662687822062624,0.08016873293004942,0.0718150143475948,0.08621243157115256,0.3164980093964879,0.07519369357283025,0.07576860194327,12
0.13621882071873795,0.09807094422032926,0.05982881703833848,0.32167996238649516,0.07076772203325651,0.08388134875273685,0.11262057551375225,0.06001975475025671,0.05691205458609685,13
0.12383373254340244,0.09446482942060809,0.09495328117795722,0.185432094541832,0.09772642390088061,0.12882440187274183,0.10929266699585354,0.08276217433254196,0.08271039521418244,14
0.13708508610206527,0.0815030014540182,0.06578411870617566,0.3967115472657113,0.05754702620616034,0.05652301689969026,0.08278699674354338,0.05775169810551182,0.06430750851712369,15
0.35609243420100833,0.07855770372869951,0.06060326111019732,0.08819520388760367,0.07319040127406862,0.059815130960647514,0.17423038178520653,0.054179069530720256,0.05513641352184824,16
0.14528053236931998,0.10920814122635498,0.07032574322273014,0.1335371803141921,0.082553847148651,0.07346789058404152,0.24561090025172533,0.06785014870705189,0.07216561617593309,17
0.17665079319714758,0.09729913569863367,0.07854858534016854,0.11756138132989584,0.11934601055408722,0.09696755387225124,0.1720350214460806,0.07078381017190319,0.07080770838983201,18
0.09420821797849148,0.1382916151501281,0.07083240790096947,0.1626141040448903,0.07315778146905402,0.07779834872692759,0.222021460983843,0.07375189968028803,0.087324164065408,19
0.18979051165188573,0.13498694870875427,0.07912660863768743,0.1140224800227134,0.09036406535159015,0.0863660299458282,0.17263316919838828,0.06787998490322912,0.0648302015799235,20
0.16883261175591052,0.09279468873187399,0.07567151130643605,0.23633831232940306,0.08019470940861535,0.14985854844685748,0.07160152259864837,0.06238035942684037,0.062327735995414926,21
0.11047019915771693,0.08559698769367174,0.06932015857859161,0.3239530945253307,0.09947004751388086,0.08763162508185154,0.0912919514329533,0.06613793491141216,0.06612800110459108,22
0.07992324633157094,0.09702638387362643,0.13743574272362596,0.3124472634442937,0.0767564902102352,0.06704042584234698,0.09753081107717954,0.06594626241258099,0.06589337408454041,23
0.08238202813487637,0.12596825136789438,0.14524624368546185,0.1524236536880456,0.08818000031214175,0.09197625173643137,0.1743738682882628,0.06972120017906688,0.06972850260781896,24
0.1826951609773218,0.08598394548044239,0.09800336668702583,0.17774052918067487,0.12660539536815207,0.08424131393413772,0.10112512478404365,0.06695640787591808,0.07664875571228356,25
0.1089044433166612,0.07537875246932252,0.07434605691860727,0.22642585756152153,0.09058388743329536,0.0736218176883043,0.21324914545709878,0.06742249933426253,0.07006753982092652,26
0.13673596959255715,0.15842314321202344,0.07639392926504752,0.21923825625397775,0.07980261735218118,0.08889014703247233,0.08736480576344688,0.07661328363040326,0.07653784789789043,27
0.07628261531389728,0.17813861127505082,0.07010029547884516,0.08151616668740794,0.07119305486499801,0.0717174505180885,0.3203180705407532,0.06837184637871699,0.06236188894224236,28
0.09704651370710543,0.12628952577084931,0.07114078626581591,0.32629885229998384,0.08167165457125884,0.07340135943546126,0.08141367153841297,0.07140193235300588,0.07133570405810641,29
0.12106045220928982,0.12448376939964072,0.07439053672527682,0.23267207584093297,0.09534557767595471,0.07909644737291038,0.1308496963842433,0.07105264376850293,0.0710488006232483,30
0.12291650380691711,0.23595101622097175,0.0691526182590288,0.08997150239030649,0.06512135612348754,0.06504042182426528,0.21745565910180126,0.06526830203393143,0.06912262023929025,31
0.12947887972524158,0.1128865808189245,0.07887516893989173,0.25064380207171216,0.08947672227629871,0.08503782900690222,0.10445223196837902,0.07459348688778004,0.07455529830486993,32
0.164629323828569,0.1385024305388212,0.07359238747406154,0.09723488127660236,0.07456767976641028,0.10392809471487269,0.2002977619520531,0.07216873868407633,0.0750787017645336,33
0.07559746717825225,0.08865915663799862,0.06267169639572566,0.09842368712875889,0.05629020951511598,0.07503799992721255,0.4299562563966293,0.05761778675273887,0.055745740067567905,34
0.14077735189255608,0.09415053708757687,0.08547856423408542,0.19913572572667196,0.09825395920660417,0.09699215342918412,0.11365905728652495,0.09258269016310774,0.07896996097368882,35
0.14077735189255608,0.09415053708757687,0.08547856423408542,0.19913572572667196,0.09825395920660417,0.09699215342918412,0.11365905728652495,0.09258269016310774,0.07896996097368882,36
0.1513977422165943,0.0865454280274249,0.0737076438833227,0.25557522069978,0.08410068458779436,0.10523609063551552,0.0960185818895024,0.0710109253557552,0.07640768270431064,37
0.1513977422165943,0.0865454280274249,0.0737076438833227,0.25557522069978,0.08410068458779436,0.10523609063551552,0.0960185818895024,0.0710109253557552,0.07640768270431064,38
0.19351987636239476,0.08373745502948192,0.06784904143005277,0.22642262231810042,0.09566237389154458,0.11261598720992992,0.0842443238033601,0.06794482333356308,0.06800349662157242,39
0.19192657346821576,0.08304802130330585,0.0755162055837327,0.22455842197740028,0.0948747589961113,0.11168878850701017,0.0835507168857808,0.06739290833320977,0.06744360494523349,40
0.3930900168255073,0.08086755109432668,0.055043962044914366,0.13884350479024907,0.06248375617097314,0.059545526750539854,0.0707640073658207,0.055129640771065476,0.0842320341866034,41
0.21217478426919564,0.10482384441387865,0.08085885086734575,0.20995427356846616,0.07659129540862128,0.08277913108366085,0.08594811657636772,0.07570966467996755,0.0711600391324964,42
0.3355416456027168,0.08872479141838546,0.08030944534200955,0.11266626359331988,0.07810293707915639,0.07129596091922595,0.08419828274476736,0.0738187004717729,0.07534197282864583,43
0.09820378723399907,0.08774288117462171,0.0635727567492215,0.30773898479437545,0.11096929453605632,0.08437813107435524,0.12011953516300701,0.06366824622131258,0.06360638305305119,44
0.1600838978619786,0.11371454158832009,0.0891791900417417,0.14506992566446528,0.09296325082096182,0.11610457390908287,0.10461341547463615,0.08909915069419722,0.08917205394461637,45
0.12815018992265986,0.1057262019332368,0.09614630250312589,0.17261535629797015,0.09350022720362366,0.08411006190669264,0.1623358839158654,0.08141772092390474,0.07599805539292075,46
0.1600838978619786,0.11371454158832009,0.0891791900417417,0.14506992566446528,0.09296325082096182,0.11610457390908287,0.10461341547463615,0.08909915069419722,0.08917205394461637,47
0.13306111808806348,0.229137749798252,0.06876625811970825,0.0986838545019102,0.08725329534660792,0.08611607628877334,0.13520058363706805,0.07888174360454313,0.0828993206150736,48
0.09820378723399907,0.08774288117462171,0.0635727567492215,0.30773898479437545,0.11096929453605632,0.08437813107435524,0.12011953516300701,0.06366824622131258,0.06360638305305119,49
0.39214090257302425,0.06339179608225838,0.07659327580007746,0.13333721422054226,0.07030780863352266,0.0634586559918626,0.07631808620003479,0.06099789173722777,0.06345436876144982,50
0.46568627784323197,0.07256657611854196,0.05396699435073344,0.08356116519957225,0.06470885362844668,0.060844017097098475,0.09065946097003161,0.0539834512759193,0.054023203516424305,51
0.1508456887411002,0.08296327855351386,0.06728103530676534,0.2388625605728001,0.09728211815378696,0.1311573023565158,0.09323007507707273,0.06732945800230307,0.07104848323614187,52
0.42688064775176626,0.07518376305814607,0.05788349986685769,0.1204028095238579,0.06440359744706618,0.07130772614082638,0.06791429087117432,0.05799210542737397,0.05803155991293145,53
0.42812143387450513,0.06342947659577872,0.06000698929197641,0.11412814905118605,0.061353849019176794,0.07779335863822909,0.07733837985200553,0.05892491669004379,0.05890344698709836,54
0.16007805792938104,0.1137103932306957,0.08917593674477739,0.14506463344832657,0.09295985947975828,0.11610033836200441,0.10460959913018596,0.08913238076689058,0.0891688009079801,55
0.09296476665830844,0.0974642572947482,0.10537668113029548,0.15507426438455357,0.10331704724378431,0.0801155071448146,0.23930965452097056,0.063221380614716,0.06315644100780882,56
0.42307453299208314,0.08694379978069874,0.05941345741513655,0.09125523657623669,0.07609499398437732,0.07304206534183767,0.06790555849757551,0.06277726207434894,0.05949309333770558,57
0.41778758526329746,0.07220811200609248,0.07071795095720008,0.1086572908786476,0.07197638955293655,0.06265410206050431,0.07578097270726819,0.05776466929985077,0.06245292727420271,58
0.16346654280710354,0.10120276194738022,0.06979758831394074,0.24008767402659487,0.09605055847810419,0.07860865509489495,0.10639995381267324,0.07435157886055342,0.07003468665875476,59
0.34669490148260135,0.08035194199167002,0.07046536503995864,0.09696774039523016,0.08754481939267107,0.09431257028543574,0.08263624644235751,0.07048528497366262,0.0705411299964128,60
0.09153929642811223,0.08839132216005977,0.06404257470461139,0.31001324987305046,0.11178938429990987,0.08500170574765992,0.1210072474048292,0.06413876986685707,0.0640764495149102,61
0.1814888690741878,0.09044065492585268,0.06780882948093969,0.15883215422019453,0.0861783577130104,0.07147871534501159,0.21713234220645783,0.06736832962668429,0.059271747407661154,62
0.19752842051413144,0.07407267820182303,0.07998980063147014,0.26874948382970765,0.06812797263199437,0.10692030697425683,0.08208255630910875,0.06128361124491699,0.0612451696625908,63
0.1600838978619786,0.11371454158832009,0.0891791900417417,0.14506992566446528,0.09296325082096182,0.11610457390908287,0.10461341547463615,0.08909915069419722,0.08917205394461637,64
0.36628122926189965,0.07478777338999376,0.06768465070247304,0.09903371134896291,0.0695314846358904,0.07945234770873923,0.11156899672229577,0.06325829239950831,0.06840151383023707,65
0.1352353100899678,0.08211023503850128,0.07392569995449717,0.269226067187114,0.09507532464336986,0.12231998781560016,0.08445335266738084,0.06885094216598796,0.06880308043758097,66
0.11238319322710888,0.09549962081423367,0.05892873549073935,0.10207208342307486,0.06115273689640546,0.07742929378968033,0.37341441210984977,0.06018182843985148,0.05893809580905617,67
0.10758094831322158,0.11045360192479471,0.063544524349991,0.0759763709820888,0.0741288213980966,0.08197289691567325,0.3513392123074965,0.07024000759912977,0.06476361620950771,68
0.10527432033128584,0.09893317296813492,0.07132371782616263,0.09102060723264804,0.06582121932894193,0.0897810357440059,0.33071350624596973,0.06597355611251518,0.08115886421033584,69
0.4188351101558945,0.063551386150698,0.06463262605344362,0.09960480966536266,0.061564977812110594,0.07248264760756218,0.10582790427979244,0.05098730894733285,0.06251322932780326,70
0.10796501336147932,0.17396957016277878,0.07715304176705175,0.09457562580163523,0.07195573484814183,0.07894312490052505,0.24098204107594637,0.08593792606104464,0.06851792202139699,71
0.20657120306018534,0.09472788966139238,0.09913739794558815,0.13000673051317194,0.08757031021617942,0.09829658086903649,0.14774470708422352,0.07066976342275853,0.06527541722746417,72
0.08458878705924601,0.11885794268222799,0.10331637916603584,0.1728690246014187,0.10455823496854207,0.06433111156181813,0.2106101237294748,0.06753260189787418,0.07333579433336221,73
0.33928059167668495,0.060246586517307715,0.09473119646743637,0.10472542962708449,0.06841709321319275,0.07784603859496134,0.13618357802152398,0.05782450925767942,0.060744976624128914,74
0.10895260094782847,0.16387900946922204,0.0834963879438372,0.1079335263643031,0.08541168281794634,0.09281371261745806,0.19927887620055468,0.07474182473506584,0.08349237890378426,75
0.15916343027574953,0.1523971672688146,0.08585974413957831,0.14519660171547627,0.0909581815831698,0.08723903091319081,0.1267969806053813,0.07620372672348463,0.07618513677515483,76
0.0869585239477036,0.16290286533434267,0.09758311414143125,0.15210845448045354,0.1202869501455465,0.09710236216438346,0.12013426200826009,0.08142246170885545,0.08150100606902341,77
0.08676405069833301,0.11158025438133325,0.08379844011437353,0.19548317991610836,0.09008844853272363,0.07050406635686937,0.21137620329433626,0.07092395319869277,0.07948140350722983,78
0.10618077934589291,0.09588713174055644,0.06081409252498256,0.15857799805584846,0.07008051582700003,0.060792070304804234,0.3258173232388164,0.06092954440349803,0.0609205445586009,79
0.10307016303154172,0.1026549133515899,0.07134958569983299,0.25074247825752116,0.07039248021019283,0.06877801077338898,0.1905330406080988,0.07340371563569041,0.06907561243214323,80
0.10552289215738629,0.11195764144282477,0.09484915535253315,0.22188969302148026,0.09148481331251522,0.06351058463292417,0.18319266226755615,0.06375733368324882,0.06383522412953112,81
0.1487202029006399,0.1451548616850582,0.10660809271946577,0.13145485793563677,0.0801731786665971,0.07748013923484394,0.1663732380918238,0.07200941304642064,0.07202601571951384,82
0.1714721070543259,0.10991926182123242,0.07543262348998328,0.1574786250731729,0.08093701128272016,0.07310349052378995,0.19800353929626402,0.065637345850174,0.06801599560833746,83
0.07434434118830557,0.18687531711029956,0.07862539805747268,0.1679455518162402,0.06572277495342356,0.08236109300984565,0.23577636066870253,0.054174370065567336,0.054174793130142916,84
0.10569841977817698,0.14712535530337542,0.09413600995150938,0.13486886575231394,0.11491929096141316,0.09394458348979916,0.14679338751654472,0.08281972660399574,0.07969436064287155,85
0.10234067842959733,0.11673917806745437,0.06757118495420318,0.09344883983178925,0.06262607887805771,0.08893273229403176,0.34318662740877276,0.0625969162075285,0.06255776392856519,86
0.10876210098564933,0.11171774082550052,0.05821943623230335,0.0902572726629348,0.07116767544038609,0.06197021524583198,0.38150546097809207,0.05823393116069383,0.058166166468608116,87
0.30354908339294345,0.07658085350266937,0.05480697426442896,0.20585159101408723,0.0617371635279431,0.06931449816322134,0.09728490247585705,0.05967474862093132,0.07120018503791792,88
0.08938808672573448,0.06755895180083632,0.04879911068074807,0.513491054569888,0.04698878455517638,0.050727327923577016,0.08846796610759032,0.047286151236227446,0.04729256640022209,89
0.11028571838558723,0.32476759106700004,0.05050727176878148,0.17324515964319745,0.08362526142333226,0.056571216895529464,0.07567014256442603,0.06567118870662039,0.059656449545525625,90
0.1015323987095728,0.09587270691133719,0.08507613506271283,0.2415615332260712,0.08693919195369156,0.07901141392461154,0.14804371472599626,0.08258578077684253,0.07937712470916404,91
0.0902724670507474,0.08600557782586726,0.09654479222011247,0.3091058922455101,0.09809765416670263,0.08528026901743467,0.09593941185583073,0.07064290466018862,0.06811103095760628,92
0.09975752188876828,0.12201333971623117,0.08355382870650344,0.23733882233210973,0.09086785676108433,0.08409917186196608,0.12332058625238716,0.08115305518263277,0.07789581729831711,93
0.22214117273887996,0.09377800038569001,0.07121456066396901,0.1658017377437898,0.12974596404039104,0.10233724823585222,0.08508279935566701,0.06480645679020154,0.06509206004555954,94
0.09829411081732665,0.1092074939943917,0.08826645423175727,0.20719203940799832,0.07830251270127543,0.09592177115249306,0.18015233993504984,0.07137155215876521,0.0712917256009425,95
0.13258943779851184,0.09360205913010497,0.08082356933982131,0.19765195117660714,0.0858442237895346,0.11475477964807335,0.14822998199939552,0.07110673573805884,0.07539726137989254,96
0.09868302831201638,0.11569906807618356,0.06695465085490322,0.18814402532686192,0.11601792008608995,0.07820317051512685,0.2283939481552229,0.053997944607577404,0.0539062440660179,97
0.10210533551669558,0.12529989884289178,0.07983633296306654,0.15447683624764252,0.08283040265921941,0.06291981440393629,0.2540707501318496,0.06655965744879384,0.07190097178590449,98
0.15715217239569834,0.10570151759419472,0.07657935633716764,0.21368946428219696,0.09030518427986829,0.07943184097418536,0.12361882602434114,0.07672972479305602,0.07679191331929157,99
0.3262617903258398,0.0671837360310072,0.05477280776527148,0.20185362261275344,0.056192074081120306,0.05056473283309953,0.14166034217915185,0.05075053973521886,0.050760354436537605,100
0.14860334115543117,0.10056960915435241,0.08839524940723624,0.12361483817868564,0.06863404590943484,0.07797750240128562,0.24075094743673914,0.07705317236095098,0.07440129399588392,101
0.10566372300191036,0.06976331291050594,0.06215205347929933,0.28604140549346035,0.18271823859720138,0.10025837545515306,0.06775851493418741,0.06275731874507237,0.06288705738320975,102
0.13842774210287417,0.13307731892906038,0.07565294022087977,0.213604591260021,0.09468018922763478,0.09679671278563104,0.1006561802409941,0.08110994675270845,0.0659943784801963,103
0.09539634611558835,0.14603297036276264,0.09333758389471743,0.2010794785120761,0.09913803447732433,0.11478473396807283,0.08823429767483508,0.08167069510097053,0.08032585989365258,104
0.1724802892871699,0.08969921167814664,0.09764246131332643,0.19594394814005273,0.11226773891812497,0.09393474311410553,0.08675992977955564,0.07557616121188428,0.07569551655763417,105
0.11721945162663723,0.07028037663721268,0.08032889291243306,0.19470186815193016,0.1887015217818751,0.14253440777059767,0.07506425023008605,0.06560780321508486,0.06556142767414327,106
0.4029296816554538,0.09179960262068318,0.05482144302927017,0.13204297361643721,0.07884573836401963,0.057767308119005586,0.07207536521713441,0.054837789167969726,0.05488009821002619,107
0.1707771225395132,0.1333444981013196,0.06964047790917885,0.13660596005717365,0.18087062518313418,0.07328920861510403,0.09255007886666089,0.07510861054211511,0.0678134181858005,108
0.13866393839078545,0.0903927999702804,0.07667788386269193,0.3373143055575675,0.08432583329669271,0.07050295711707165,0.07364371079700757,0.06423839299032473,0.06424017801757813,109
0.3919064478454005,0.06527957589092935,0.06813513473666477,0.12764857063186397,0.06648358031303712,0.0726837075742928,0.11082772865949819,0.047599659801813285,0.04943559454650005,110
0.15210440968133732,0.06905247594366559,0.08218813116969563,0.2145574836316729,0.18606803531416594,0.08687244203397965,0.07457845629911203,0.06543208952212946,0.0691464764042415,111
0.19993502624791373,0.11999923016860083,0.08217771693924254,0.20201193964867845,0.0760093618965645,0.08583150731140111,0.08489918536685752,0.07645812570903622,0.07267790671170504,112
0.20904666449229195,0.07554115075172138,0.06811424275554684,0.2350267039317049,0.09537168769729039,0.07833733731491739,0.09428427415693148,0.07624079195935558,0.06803714694024021,113
0.1569745946225034,0.09310414431762419,0.08042353124014345,0.28362943839375837,0.09018759133200561,0.07504362882456889,0.08082200311644801,0.0710641156464436,0.0687509525065044,114
0.3179593496908535,0.08303742850496423,0.0696765293699232,0.10422852761432189,0.06958528795772297,0.07405246877812116,0.08337307417079308,0.08206098634230403,0.11602634757099609,115
0.5830947609125263,0.047188401028639776,0.04568873227690585,0.07205234198768126,0.05067258916422257,0.04728981140050575,0.05682122615533019,0.04548900679471272,0.05170313027947546,116
0.29296125464935807,0.08861477895082503,0.06875806636644548,0.14359733622747728,0.0659960143211512,0.09096296307661984,0.11686521237944847,0.066152084561525,0.06609228946714953,117
0.5205487354464543,0.06685111095093209,0.04881478086706321,0.0936065273658754,0.04631245789965682,0.05153817557335914,0.07767612365915699,0.050016450217314955,0.044635638020186996,118
0.30751050056262014,0.1112610385235829,0.07084619053119134,0.16161960317596785,0.06715006050831923,0.07128660401930718,0.07607539496113694,0.06956222145007797,0.06468838626779631,119
0.18977299652218171,0.1920255746024521,0.06763326975935963,0.20548519095297996,0.07789456515337138,0.0694280655324994,0.0823416522768324,0.05774669249958551,0.05767199270073791,120
0.16055126634338251,0.08896973254950642,0.0634380831611222,0.15756607258961805,0.06406714963511319,0.06748831955420884,0.07294514017651742,0.06543202693124375,0.25954220905928765,121
0.20191138571944997,0.08964091984355116,0.08622341401288508,0.09372414770612046,0.0908157921250317,0.08708766480653964,0.09673703401814933,0.07728045706798646,0.1765791847002863,122
0.13540596964597718,0.09126921168841959,0.11517867048412087,0.12280667641089768,0.07668558784506675,0.08940571480887183,0.10263566179605052,0.0772173854746464,0.18939512184594917,123
0.1343127084219302,0.09053230850498413,0.11424872349133468,0.12181514126864992,0.07606643213240907,0.09675780885200039,0.101806986446364,0.07659393605374987,0.1878659548285777,124
0.09859099272759266,0.07915956457823006,0.09368973074201738,0.14856285681273074,0.08217740719009023,0.08238532684285214,0.10207956231275017,0.09683493443959135,0.2165196243541453,125
0.13931129694075775,0.07771216592489423,0.08490191707241526,0.1597082819734547,0.08019583045620285,0.07723812877029525,0.10923099536555066,0.08386505517810626,0.18783632831832292,126
0.12400198666809022,0.08555950702389017,0.08880720609719701,0.09694639453661757,0.0930803414195517,0.08898661928678579,0.11933579565720492,0.08141770438427894,0.22186444492638357,127
0.20191138571944997,0.08964091984355116,0.08622341401288508,0.09372414770612046,0.0908157921250317,0.08708766480653964,0.09673703401814933,0.07728045706798646,0.1765791847002863,128
0.07557986837859247,0.06882204453710676,0.05545891389242406,0.21294438568884055,0.07227928450232154,0.0690928640902146,0.10312735808129796,0.055582070863950485,0.2871132099652515,129
0.09505403897074775,0.0763848746764056,0.07454275565976493,0.1894621190953892,0.073059596201361,0.08008957312844417,0.10890106928540698,0.08238517364433853,0.22012079933814177,130
0.11622392554872152,0.13262405696492463,0.08182700752003834,0.090865403398737,0.10149559940742811,0.08076702485755619,0.11185042274269912,0.07645917158203218,0.20788738797786302,131
0.1325838377769368,0.08149504822409999,0.08400900270085437,0.1715236101786114,0.11518629911082429,0.09597478872411191,0.10416088630651478,0.08411409935582968,0.13095242762221687,132
0.17611768033037076,0.0926095896276562,0.07919996260532461,0.1340536573601475,0.09482412998381616,0.07857706968505639,0.0965101019712258,0.07834114333811024,0.16976666509829236,133
0.1328113621352189,0.09268427012587961,0.09793597910889172,0.10931899104318246,0.08439184201551701,0.09453302365705993,0.10877804148723294,0.08467240250510881,0.19487408792190872,134
0.14671000424527345,0.11724783703581608,0.08895506751742985,0.1119538353444193,0.09610101006166188,0.08538501331676437,0.14253305967689436,0.09091839196026225,0.12019578084147844,135
0.10695209922314006,0.13676249034982807,0.06889831795226745,0.13996561783305822,0.07432992974636535,0.07494513553387891,0.08722581802066057,0.06685074048726936,0.24406985085353178,136
0.22709489222963822,0.07393642141481498,0.06549019320718881,0.15197226306419273,0.06546145473876973,0.06531408342904509,0.2070017742656681,0.07559758371726522,0.06813133393341715,137
0.054208286513972664,0.06529634661440581,0.0530717239227778,0.05437421492534986,0.05397065745167041,0.061579516358401136,0.5543523070002968,0.05108233371269168,0.052064613500434016,138
0.05564877362712781,0.09202066567629918,0.05936528305606389,0.05757511458565602,0.057430772956537965,0.06058953976273139,0.5088402780700633,0.05320979299563162,0.05531977926988873,139
0.13036221541525095,0.15917587272510783,0.08449287393265996,0.1167379542788229,0.10028377114950439,0.10048533854837938,0.12750021633597175,0.08461943664967979,0.09634232096462307,140
0.06559874510592582,0.10348085804418893,0.060425111935963075,0.058787472476538705,0.06335572585414904,0.06339764947547041,0.4728046380068883,0.057186775727499466,0.0549630233733762,141
0.06249004615954569,0.2871512408124063,0.054907781410686037,0.05978407455355045,0.05198774514954385,0.06908444804046725,0.30925020747649634,0.05216827056682255,0.053176185830481545,142
0.07289818293302386,0.0960619209071639,0.0583645293545932,0.0648003760276611,0.07761146848810462,0.076224418128063,0.44151126075016167,0.05523434874156923,0.05729349466965953,143
0.06092655558700567,0.1216530682574335,0.057345117052634634,0.06136675677212518,0.06613544101874136,0.06360223163974742,0.45191164619322577,0.05969582989049368,0.05736335358859278,144
0.12333676381407772,0.15272900928787397,0.08964009570636602,0.10757541999785887,0.14130712026747028,0.11638074153432057,0.09750059791164832,0.0819255328971351,0.08960471858324905,145
0.0668169917045131,0.20530587698053504,0.06254325306226617,0.06129545654774109,0.06367037058153212,0.07324424541229134,0.3494085981065069,0.05710409250679576,0.06061111509781844,146
0.05138680911223701,0.0987656831738995,0.050061796854557306,0.055150293011234516,0.04891035162781919,0.06257329671476503,0.5294900171008714,0.05011430605827718,0.0535474463463389,147
0.05474772132384317,0.20974758263492976,0.05181806830847303,0.07047734630762933,0.071503421751197,0.056487121073087516,0.3729131789721323,0.05393864004371327,0.058366919584994716,148
0.05421476900345383,0.08766712544095914,0.0510239973838428,0.05587145513412412,0.05759660103486838,0.051826291087114985,0.5396712243835485,0.051070723149736603,0.05105781338235141,149
0.0781730424064314,0.11573383046210368,0.06613293565246464,0.07221861490125983,0.0713481041381221,0.06857313656311956,0.3929552665183769,0.0687943852181421,0.06607068413997959,150
0.09430319455816318,0.3419344336580608,0.07439364983630553,0.07580251783064393,0.07607198656410953,0.11358015504474474,0.08867861432159395,0.06901339453730171,0.06622205364907663,151
0.08327462982822549,0.17732798019214507,0.07156909409545384,0.08915925322980305,0.07131000333047414,0.08467695897284049,0.2720533809721951,0.07904890001371634,0.07157979936514648,152
0.12737049127571304,0.219681005287237,0.08261755222627257,0.12121648573474712,0.07666592546017553,0.1095894313512634,0.12081246901640497,0.07099950654000714,0.07104713310817948,153
0.05100926262077662,0.16941482708471378,0.056319923603014764,0.058320983189356974,0.06256918266989658,0.05750555086896013,0.4499344091151564,0.047478528484378654,0.047447332363745987,154
0.06611231410714397,0.43713768124572344,0.06209050073719814,0.07716786602564206,0.06740898241037378,0.06427296989769583,0.0960329775955163,0.06763289022967918,0.06214381775102742,155
0.08921323811224488,0.16782718071787633,0.08095826352784034,0.13082417521393666,0.08971829010710371,0.0868932368629541,0.19904824697590134,0.07635023440745443,0.07916713407468812,156
0.1575825232211785,0.19198124490862567,0.079404406096641,0.10182652452879613,0.09815288372632984,0.11033857337449408,0.09859996419032856,0.07942282492977965,0.08269105502382641,157
0.0738975635061952,0.1388203881698359,0.06973258373674851,0.0763199384388135,0.07799660563764016,0.07064487651350501,0.33502426188751305,0.08767700603171673,0.06988677607803175,158
0.10028398773082517,0.3382490596782848,0.07321277376777804,0.07703114208182267,0.07503153545897524,0.10840624563002095,0.08892169620236366,0.06939940765375814,0.06946415179617141,159
0.0806464693222,0.12077120842607095,0.0696344444079063,0.09373530959404859,0.06953948035834417,0.07498211254940712,0.3483731526967336,0.07258494089200666,0.06973288175328257,160
0.06674936564689306,0.3827326391427843,0.06861114995671679,0.08078228354962834,0.06982810681238884,0.06795904915113887,0.12947858577219204,0.07017676771516666,0.06368205225309112,161
0.05723337561026943,0.1596605872609476,0.05958799259185493,0.05942438094496267,0.0637484066328907,0.06940283280227308,0.42402972968363706,0.05346930251249662,0.053443391960667955,162
0.06919288084928038,0.08027508498149255,0.17756659081505785,0.16779305641458855,0.0743285997216833,0.0593712445451963,0.26476659347756615,0.053358548701705484,0.05334740049342928,163
0.06592847950512062,0.2868158453468039,0.05350865539192627,0.05590085294239571,0.059878361164978126,0.05026647534785244,0.3247723641554006,0.050465093785235685,0.05246387236028682,164
0.0646537141809478,0.13883028854792245,0.06639476474879061,0.0663372953725006,0.0668125229843919,0.0704872981785347,0.40025067080299137,0.0618847633207775,0.06434868186314302,165
0.0760804933783956,0.06098250288775942,0.06425229887301831,0.0657683565385125,0.059668001232544884,0.09028501716740242,0.4607023547171862,0.06358803987781639,0.05867293532736427,166
0.08106408213406556,0.16887680742861796,0.06671541845479496,0.11129786005105649,0.07158141039180252,0.14563429245646362,0.22080486434297597,0.06706999204712062,0.06695527269310231,167
0.1051765681670322,0.21225093133828415,0.08900528947242926,0.16345386650267224,0.08778310798763106,0.0763954877685178,0.1274669730522,0.0692180923661406,0.06924968334509277,168
0.05745772598991876,0.07116700543717903,0.057056419235128275,0.05963485577750503,0.05684107047388098,0.059021459545026744,0.5278854313264444,0.05604620013924007,0.05488983207567665,169
0.11195578276062354,0.13953312707398177,0.07496726116012205,0.09015156250483476,0.08303767993966735,0.09271927360380079,0.2604950464134168,0.07499624028405402,0.07214402625949898,170
0.07451508927113634,0.25682878782579,0.063493432785659,0.10750009562676975,0.08231960673123614,0.0797975014084097,0.20456208808154533,0.06744680741110189,0.06353659085835185,171
0.0959480686027023,0.11867271681476181,0.06276814712041194,0.1085002314211055,0.089144977298621,0.06777732448709797,0.32874877037186273,0.06552387591733648,0.06291588796610023,172
0.055924011665573745,0.08072678495080382,0.06796971276504861,0.05787968762745633,0.06555686322765178,0.056577944750076194,0.5105270616494733,0.05245037869690666,0.052387554667009555,173
0.0711097486539988,0.11960948606420933,0.05819419301989205,0.05724337110338634,0.05821420130249163,0.07161633291966049,0.4522673465704541,0.05584694897370027,0.055898371392207165,174
0.05564877362712781,0.09202066567629918,0.05936528305606389,0.05757511458565602,0.057430772956537965,0.06058953976273139,0.5088402780700633,0.05320979299563162,0.05531977926988873,175
0.0561277131330319,0.08102082974601618,0.06077785450548547,0.0619268336549439,0.06576941445490735,0.05678402814838955,0.51238664054122,0.05261470275786401,0.052591983058141646,176
0.13667012167996503,0.14423311462575444,0.08800986151432187,0.1128619778524249,0.10920430988826638,0.1199382990904848,0.10928573891915304,0.08806161272319654,0.09173496370643297,177
0.05890074244580634,0.2916659250028919,0.05587293640771363,0.07103987353155443,0.05905356386844373,0.07432693374936351,0.2751524284849279,0.05698706352037459,0.05700053298892381,178
0.08143115652770484,0.19423582871954126,0.08094323866057579,0.09006800938178923,0.0675703312844424,0.13650866197155814,0.20547814778432158,0.06796082625928501,0.07580379941078172,179
0.059758327959571776,0.14507452002318877,0.051267628030342245,0.05312803147359429,0.05915180085294882,0.04854234912946243,0.4773130656772962,0.04973920017776483,0.0560250766758306,180
0.07773168445905895,0.26828946715915897,0.06356488165554113,0.08158435321245994,0.08894821112218147,0.07516988663490566,0.21593140469469282,0.06503983705956067,0.06374027400244038,181
0.06857233120811808,0.3686227813733334,0.08072974044328952,0.0748939887058739,0.0660688073693641,0.08394227044121075,0.1261507772686567,0.06551004425744285,0.06550925893271073,182
0.09867209474073464,0.2837329281134212,0.07374596885101005,0.09794905870060618,0.11656661988856687,0.0888306975489458,0.08855542353994453,0.07377230979010314,0.07817489882666773,183
0.05089543202252368,0.06238047257024189,0.04788048336359045,0.05245068639132521,0.053011496650345005,0.05125495530250875,0.5853167499134835,0.0488893356382117,0.04792038814776987,184
0.07487490979261308,0.40002289403603786,0.06603176897737219,0.07428574022267476,0.0672608837246717,0.09503513488497108,0.09536797287526444,0.06291751155935188,0.06420318392704294,185
0.20697206974829596,0.21723735983349404,0.06700023847109476,0.10953964306642987,0.11145731955382164,0.08585088584169788,0.07921606615250817,0.061349843474128064,0.06137657385852971,186
0.05735351732630789,0.0698727389022219,0.057148628919020526,0.06549147709191892,0.05599874518900724,0.05377439729589745,0.5301863634200014,0.055100476585417016,0.05507365527020762,187
0.05745772598991876,0.07116700543717903,0.057056419235128275,0.05963485577750503,0.05684107047388098,0.059021459545026744,0.5278854313264444,0.05604620013924007,0.05488983207567665,188
0.052056612243293936,0.14917459045236353,0.04914052394320849,0.053178766017513,0.05080527074053084,0.048503941692598154,0.499090186604664,0.04730414041755995,0.05074596788826819,189
0.08995165869323328,0.09428535506637693,0.06906910966615418,0.20722944593637363,0.07326574663304947,0.06995833082375402,0.2607787914911104,0.0677371626079364,0.06772439908201167,190
0.0862776357796068,0.38759894911495063,0.08094234268332895,0.08867018680671204,0.0715716434966077,0.07511428549629928,0.07726535532504311,0.06500109741919176,0.06755850387825964,191
0.07946911056539067,0.19106668809777153,0.06003615490506058,0.07509864767912372,0.0795787777729584,0.14012666379684338,0.26092656541363307,0.05683754021656626,0.0568598515526524,192
0.06559874510592582,0.10348085804418893,0.060425111935963075,0.058787472476538705,0.06335572585414904,0.06339764947547041,0.4728046380068883,0.057186775727499466,0.0549630233733762,193
0.07128446437743463,0.07134680930874558,0.06361467751416766,0.06955828029044646,0.07620035730359494,0.0634715503561239,0.45213399925137404,0.0660938660919938,0.06629599550611902,194
0.056194343086413794,0.08224590078884539,0.052346627952002255,0.06161771793480399,0.052443471222879845,0.060405096488664226,0.5288369874074238,0.05557746178627182,0.05033239333269498,195
0.08380417418709692,0.08988248720433334,0.05833480691261022,0.11479575960654152,0.0629840738739374,0.05713300101499093,0.430667963570131,0.05118494773032883,0.051212785900029846,196
0.0646537141809478,0.13883028854792245,0.06639476474879061,0.0663372953725006,0.0668125229843919,0.0704872981785347,0.40025067080299137,0.0618847633207775,0.06434868186314302,197
0.07085360009084166,0.19530362307254923,0.049066721627033676,0.05134147704627707,0.049934273843128166,0.047937400657654006,0.42601430728530526,0.05637515582064416,0.05317344055656668,198
0.06545603974945838,0.0955929353701645,0.05633085991820884,0.11000582803788961,0.11462966229965595,0.06369810017895963,0.3684545533978366,0.06064259378066822,0.06518942726715836,199
0.053346360914556364,0.10823414072120681,0.05323412270610698,0.06432187053517273,0.05792413333118665,0.05447379071214374,0.5059618521918774,0.05230027489510897,0.050203453992640444,200
0.0611158914602795,0.25898787327483536,0.06698851032779535,0.07437236213606153,0.06462026825488593,0.07509259518998647,0.27989199011076665,0.06110652751694621,0.057823981728442934,201
0.06951170951756316,0.22796619749693742,0.0612229527458032,0.06525601241967861,0.07261108131425054,0.12156474509740368,0.26584119186075494,0.05802414718203647,0.05800196236557201,202
0.05878660407664123,0.10354986551342608,0.0601880077837384,0.08428833856712124,0.05530650228285724,0.055431268874325056,0.46666291891520106,0.0567848103612103,0.05900168362547931,203
0.1042109490217138,0.08674455653777363,0.0847656263403261,0.10654340829722574,0.08076893284195087,0.09578685881928578,0.25578343070327597,0.10098494806443764,0.08441128937401039,204
0.11312135378735204,0.10222978571926286,0.10372201483864221,0.08583891379675469,0.09965334330465422,0.11128794855107647,0.23676588996271575,0.07665499756843618,0.0707257524711056,205
0.049684142761606785,0.06492922023684554,0.05239889113688062,0.052300991341391795,0.047343643707604834,0.05845526582747721,0.5799405841770685,0.04748607898224772,0.047461181828876924,206
0.05939598303185478,0.11847293773260273,0.074939228277502,0.1911975003670468,0.05797852364476324,0.05498944734939183,0.32688598826111165,0.06095317030055282,0.055187221035174115,207
0.1303161309976103,0.18111433685227357,0.07657359580901066,0.08997230905617971,0.11449377080335897,0.1450078521798788,0.10918933286155963,0.07668192235079228,0.07665074908933604,208
0.10723543295267864,0.14332045307549154,0.06192749489340836,0.08089263277758715,0.13335673143958593,0.07840246070342247,0.27384237444408144,0.05807969599272095,0.06294272372102362,209
0.07068804497232072,0.10732461503678337,0.0602930747523714,0.09358828102057402,0.06015737990665217,0.06491436183355732,0.4191572915853616,0.06353963466194684,0.060337316230432744,210
0.04738970453165261,0.19267638986007124,0.04621425462482145,0.04979807859952799,0.05328243041272702,0.047781437523685646,0.4701647343478347,0.04636255329437525,0.046330416805304114,211
0.06694268202173988,0.10762357427274187,0.0685231588543764,0.07928069756989188,0.06297974945497956,0.06312173895957496,0.4197074380556721,0.06465167225791717,0.06716928855310624,212
0.08511726540683782,0.32659331368231054,0.08061915027098332,0.09597561294906305,0.10483183671958572,0.07652998588742704,0.0948962963905508,0.06769525381706423,0.06774128487617741,213
0.06334477615510677,0.07767114867038384,0.048419834963408674,0.06779296314285613,0.05028302830657231,0.062020398632552744,0.5304602642785451,0.04947135916613244,0.05053622668444185,214
0.06639575137007647,0.36994758572067954,0.0633297841317824,0.07041014804810068,0.06319096988374218,0.07046498933457106,0.1694176743314271,0.0634047528719292,0.06343834430769135,215
0.0598354935232956,0.244943885998753,0.06181720023705806,0.07770197424215182,0.0563166112490463,0.0681769958721716,0.3129865987502373,0.05993755184425694,0.0582836882830294,216
0.08110222490848834,0.14767016373928035,0.08208503958044958,0.13393289175454587,0.10104035054236336,0.09319106760170137,0.20382533482801998,0.08327757460283836,0.07387535244231293,217
0.05603262982125124,0.06950186800141991,0.0580983666645097,0.056204142441358323,0.05363616183120327,0.057182354472683765,0.54378103948687,0.05280147518758219,0.05276196209312163,218
