class1,class2,class3,class4,class5,class6,class7,class8,class9,ID
0.8380144523111303,0.04013935999819934,0.001790315554667092,0.05545540835572582,0.012736456854208537,0.005495094268274812,0.03838234925113679,0.004856610106068574,0.0031299533005888663,0
0.3371692291260203,0.04987468822596109,0.01211009014686246,0.4712464440938132,0.032149052686613354,0.015798578080374454,0.07833318448151111,0.0023627387291896506,0.0009559944296544626,1
0.1825745866648802,0.05719000335260963,0.013333884440915357,0.32406230114372414,0.09103616139278575,0.0769508444657792,0.24841000407216182,0.003824799049868006,0.0026174154172758286,2
0.07357615070910156,0.06376173808949014,0.06966625515541859,0.41858438398152975,0.11916663972721564,0.02651375553786165,0.22457649332715585,0.0030764091521542514,0.0010781743200726091,3
0.12714558404030415,0.038771277810602786,0.02062745114409445,0.45290216738201855,0.09440036977540936,0.04792550543022165,0.2173104463345589,0.0005373070457508711,0.00037989103703924264,4
0.08649690944523855,0.18545628971446662,0.015330728428290983,0.42932324453590187,0.091640173615086,0.0631484357960015,0.12781937929689594,0.00035462817947577117,0.00043021098864264295,5
0.07341694210960115,0.030010034912457163,0.01182946520956206,0.25543222387736353,0.09979500909001002,0.09462225914512605,0.43274655113119487,0.000983769216062837,0.0011637453086223368,6
0.48623005364472704,0.05400361700637711,0.020927873835965023,0.2048474991619172,0.009552658680086585,0.019185309303601517,0.19823904763278896,0.0033761714719280503,0.003637769262608433,7
0.013431840203764587,0.0101568740080333,0.026553051480867937,0.15201767503873034,0.005722443454054287,0.03371350684179102,0.7507500939307519,0.0048565504408900105,0.002797964601116713,8
0.005163420887898887,0.012661263986054121,0.06547633039763617,0.19674259470333494,0.007807966137846358,0.010152593514487673,0.6881593905893201,0.008800480064689977,0.005035959718731779,9
0.06314203286630449,0.07817792551239212,0.011412257011662338,0.40639695019513156,0.03455025107150616,0.07646883650230922,0.329250936379772,0.00025843431130192514,0.0003423761496201609,10
0.05865447245129923,0.045469503699695976,0.02712661309246015,0.4183217828756705,0.061064220135076674,0.04553985867801974,0.3308631261035023,0.010972671848826306,0.001987751115448907,11
0.02359803173857192,0.03942514693428064,0.018708166360927304,0.16694916119342715,0.01606664578629548,0.01559443376512631,0.7106319842904705,0.0066281220020376775,0.0023983079288631267,12
0.054721628295465785,0.04336537020266029,0.031270621532236566,0.3972305094679653,0.10133303883672774,0.03158702963872955,0.3291062302323884,0.009713602147976319,0.0016719696458501446,13
0.06677698544984094,0.01963389253682609,0.006983304196990479,0.08288331862528657,0.08967065701508371,0.21650078383240362,0.5150910890765512,0.0008139728036904431,0.001645996463326931,14
0.07710752663810433,0.051448025438657265,0.02855318030012214,0.4632376820760083,0.06566146114923714,0.01307229429926723,0.29083427825851327,0.008748199492292044,0.0013373523477982444,15
0.7318403292747253,0.05000831099681216,0.011388737720748877,0.10353527153155778,0.0070233756507894415,0.01618086646616361,0.07703942740779192,0.0022122200236436547,0.0007714609277671681,16
0.044605141529186605,0.05416815257989456,0.10749026554370282,0.2789246125342885,0.05811476486517158,0.04244409990479884,0.387929036818821,0.012547773693723896,0.013776152530412098,17
0.15872602503341765,0.06694223307079647,0.005630625701392195,0.20586664642437272,0.043112443670498275,0.18019191865303147,0.33630940884540095,0.002071324938746997,0.0011493736623434513,18
0.04363954590202497,0.15223724472280747,0.1683943693014277,0.16475446647358055,0.03857316775462222,0.06727934068964607,0.339508003179572,0.015381827884929094,0.010232034091389995,19
0.3004092491679381,0.0895859857685333,0.01627904521484354,0.27810330886606005,0.05965242002682479,0.043152346366749805,0.20765046353591252,0.002885868264947631,0.002281312788190278,20
0.21474317592924946,0.029995163225289605,0.003133216935892055,0.3458854699528055,0.06148514969267421,0.14078749536761703,0.2011980132356093,0.001311545341473262,0.0014607703193895132,21
0.08034732848098927,0.17889151768758824,0.01849919816744684,0.4175466877540149,0.10286428765811535,0.07062023892776412,0.1305644467843224,0.0002875296543731712,0.00037876488538581845,22
0.012452965279676119,0.07646765677562554,0.22670913968275172,0.24165892782273707,0.07483945033236701,0.0805879619518364,0.2798222273626986,0.0025743673270637625,0.004887303465243728,23
0.03072945913869824,0.1634260675435092,0.1223348575163457,0.19903369920570133,0.10035785507049791,0.055774019853259256,0.31414655983892337,0.004918411982725267,0.00927906985033959,24
0.0799760726973898,0.07438020592594619,0.21914258456459781,0.27884058777406134,0.08741712317889476,0.06596777537010338,0.1884413842549637,0.0024170233302598793,0.0034172429037831998,25
0.12159452015371422,0.21740556061463523,0.009981714103109864,0.3599896466191921,0.07418453001365283,0.025007138687793782,0.1754277696970097,0.010363470996722003,0.006045649114170171,26
0.10293697199228276,0.08534956824026663,0.017564725250246608,0.5185244461399006,0.031224938313901014,0.005183080761787402,0.2377466896434441,0.000711637149028423,0.0007579425091426937,27
0.06141327910844545,0.19642369347836935,0.00829626890747881,0.10059610598539852,0.04538963252682574,0.010898786576624431,0.5582290001138781,0.008851463670455964,0.009901769632523563,28
0.1314784920374791,0.07593723688131739,0.015853167067828265,0.6209100855535832,0.043553222657187626,0.004174808909188131,0.1060564593164121,0.0009484810175506066,0.0010880465594536514,29
0.14454718599612576,0.03062512110143256,0.024859616849919212,0.41488824817605174,0.11305714141149627,0.01238085749662522,0.25849535657742956,0.000754500462270482,0.0003919719286491411,30
0.07636638627497144,0.07230026569933555,0.0005750694068855114,0.08484739884336606,0.011763218638603669,0.010364478242651931,0.7382814987971261,0.0019065014890521054,0.0035951826080076158,31
0.21009719711940944,0.0238093615453768,0.02756115939915894,0.40261587667843324,0.11420366976741839,0.009226976564298143,0.21014884115559018,0.001706314588247549,0.0006306031820673362,32
0.08719339508142637,0.3180286608451984,0.007384421176966713,0.0204396425565993,0.019543956561311658,0.04788760922598373,0.4846906784376622,0.005232514171781877,0.009599121943069793,33
0.2069769857608075,0.07698356095338632,0.00428542802371234,0.09335739149638944,0.016174506739626435,0.006533320584231175,0.5800277799792913,0.009985409194193341,0.005675617268362005,34
0.3899465959978361,0.01842781065098642,0.012940388871081147,0.34654524975694223,0.015957985997008255,0.0330592480192766,0.16632290097169936,0.005173241506414807,0.01162657822875503,35
0.3899465959978361,0.01842781065098642,0.012940388871081147,0.34654524975694223,0.015957985997008255,0.0330592480192766,0.16632290097169936,0.005173241506414807,0.01162657822875503,36
0.33075074052500386,0.03684955115211022,0.02462651880345811,0.392480654531994,0.02275288394084923,0.1203374833146224,0.05392503035635018,0.012614051164323742,0.0056630862112881444,37
0.31370563123041534,0.030729144211425294,0.012778963310774712,0.46096122055817046,0.024187686970391843,0.07665180055991057,0.06399561655930898,0.012592844189647753,0.0043970924099549094,38
0.4631165166699682,0.04285364701895096,0.00568861819499929,0.19008662072278154,0.0021051657672653307,0.1284628492125879,0.15984459761557152,0.004399377947397625,0.0034426068504777654,39
0.471253462149004,0.04244198485036166,0.00564814191677681,0.17964797405163982,0.0020864640161306746,0.14131001263171877,0.15006798849549458,0.004299914926838056,0.003244056962035744,40
0.6690021481230581,0.011595305027989968,0.00433236073400631,0.24986446163253553,2.3006415910254434e-05,0.010816052532143388,0.00931744611667333,0.004520961640982329,0.04052825777670068,41
0.47273156012920625,0.011328507832515699,0.008049706499488645,0.44394842055499084,0.017939528184030256,0.012178772285319923,0.01149279806502974,0.015276112228608349,0.007054594220810342,42
0.4583762233861931,0.004743303466950426,0.0002486987110380145,0.42476877795704626,0.0009241714725829642,0.006064831920824571,0.06309490568714908,0.02194736605914145,0.019831721339074133,43
0.031892837085488054,0.008085245580971243,0.11620915080789398,0.5165274324240624,0.007976760087517108,0.006953210742340641,0.31028702031915684,0.00031762014706754815,0.0017507228055022174,44
0.4091217154307181,0.0030794755354430787,0.29998957585719965,0.12483156394017296,0.0796151494346934,0.003185546675365604,0.009421336389487688,0.016269719074133902,0.05448591766278574,45
0.020751107926712174,0.26379277517784616,0.07331172012058548,0.38617958604577757,0.027909379036122797,0.05421123523484395,0.13232810460981148,0.01579417308165607,0.025721918766644414,46
0.4041857506028372,0.0030063132600247604,0.3079601930240691,0.12050108409683087,0.08050779974734859,0.0034025645357045743,0.009981433145485077,0.015871766597179295,0.05458309499052065,47
0.4213266297999761,0.1702192454038019,0.01533829142193829,0.027794581662627143,0.05526285805275771,0.13130913197528987,0.08175198337068004,0.03543350585573713,0.06156377245719178,48
0.02865822631813471,0.008987063280952992,0.10269204267970149,0.49181287691069353,0.008383451184180431,0.008170974971385976,0.3495456532275361,0.0003002472970557548,0.0014494641303589501,49
0.4994901392125663,0.01586429016104363,0.0062732942209989045,0.3651756581470619,0.03787337179901048,0.06695811556296309,0.007070538022858186,0.0005131060606575737,0.000781486812839875,50
0.49328124888395913,0.01611769315175543,0.0033895889096522275,0.42773720578590135,0.015014314810207012,0.032677929804766095,0.010483285011609807,0.0004648165554855472,0.0008339170866634026,51
0.34407697527233255,0.05767436408406198,0.0012639700141633924,0.23185568092313852,0.09061270271701462,0.25251235661379146,0.019660796957004203,0.0015950748641443103,0.0007480785543491288,52
0.7202346292718644,0.03635163779292061,0.01999371719439755,0.16126426496134047,0.025975789175617197,0.017514616244943892,0.0008868175252689996,0.00731607065653654,0.010462457177110293,53
0.5967505200407777,0.015372787166175109,0.00445666091423996,0.3165631907232626,0.016795265674307558,0.034775879232422376,0.01422020652467324,0.00023672545484258219,0.0008287642692989131,54
0.40560964895547347,0.0031124021380019573,0.30415863594878195,0.1224361687479911,0.0804249830977135,0.00329597324662556,0.010043179372785416,0.01645161836572027,0.05446739012690681,55
0.02075148423105163,0.09886904532189549,0.13889787458236477,0.18385837777317826,0.037323611608872855,0.013536613764872375,0.5007653567221706,0.0027716587332912144,0.0032259772623028774,56
0.7721922933845616,0.026991832421121933,0.027764505864580045,0.08971816202639454,0.043302089554128176,0.013810949808940638,0.0024997148081434863,0.002565328339014764,0.021155123793114718,57
0.5124226478916865,0.02019335973860845,0.004453646640708109,0.3754894319371219,0.045320608232551005,0.03544800714682002,0.005202800387289755,0.0005176000202201289,0.0009518980049940907,58
0.08712467770924817,0.24424802231929432,0.04823105244028523,0.20240089337674777,0.04286641890099589,0.13540032225801024,0.23049428375718914,0.005175957761475602,0.004058371476753726,59
0.568450988772199,0.013007258208997112,0.10945871623112474,0.17200134796969435,0.07347097125138435,0.011296260307930059,0.013547856320648942,0.010884190008696717,0.02788241092932491,60
0.024882641345223735,0.009846559108186834,0.10704346653176834,0.4692927441741471,0.008010717683621826,0.00783290453117577,0.3712923188601546,0.00032662258570596766,0.001472025180015769,61
0.10770689364736308,0.0995799537457311,0.03612824636526068,0.21377881980145044,0.08540626759344404,0.05237212078192257,0.383463314545062,0.006978316765964127,0.014586066753801965,62
0.34438622082161413,0.04004749893103146,0.0015040777028424435,0.20042031666500268,0.08013178185492412,0.2919581312999065,0.03806582764289436,0.001456085345298887,0.002030059736485544,63
0.4068308236869161,0.0027957927871698042,0.29810246018354425,0.12796886000566685,0.08004636249180405,0.003017032693463148,0.00995012902255403,0.015110379999415694,0.056178159129466235,64
0.5319578167889265,0.014666337362687965,0.004371371780098761,0.36874735461456437,0.04233476449404009,0.033442982360129866,0.0032195511826749695,0.000403010056715984,0.0008568113601613365,65
0.41164056225417156,0.02744195927728345,0.0013284657421691144,0.19549525806653595,0.08649473817423381,0.2581635081277148,0.017641922511827238,0.0008123035843835034,0.0009812822616807309,66
0.04042724979228167,0.2635724823378359,0.028761593642358082,0.10253767974175744,0.012379954400332785,0.15364578997637246,0.3867863862561442,0.005277952638746751,0.0066109112141707164,67
0.024726090055256715,0.10302009574563403,0.007112838038299958,0.11011697761403917,0.0052899558532025,0.01724028759190805,0.7268604044278457,0.003563689613795412,0.002069661060018297,68
0.013477927662809494,0.17259417870615176,0.019503546114317327,0.14143904649024747,0.01709288626420656,0.09957079006014777,0.5303105613218376,0.0019201863696366003,0.004090877010645425,69
0.7107314274352234,0.017863464450451196,0.0012411654035385993,0.22566066251922962,0.010810723190151155,0.005368548909376435,0.02265521108537281,0.0038817306998267013,0.0017870663068300433,70
0.003641019915463781,0.02743158667792218,0.003178319701931162,0.3507319349183526,0.0034478943606221484,0.012879355363671845,0.5950283837286584,0.003071897007772477,0.0005896083256054697,71
0.39021589065864437,0.014553886882497617,0.03193026173770908,0.31580656637912624,0.04241124704422676,0.19922757964929003,0.004744544960151621,0.0006675258404666381,0.00044249684788762785,72
0.30982704752857515,0.032380849507372404,0.06364264421320011,0.22390224420596053,0.16869050126606566,0.14716448020247214,0.024995115153526058,0.023338794423070186,0.006058323499757756,73
0.7258119246480349,0.012468127573280413,0.0032771129236397563,0.21556965765600028,0.003593059539127521,0.032788216256531874,0.0022766484836076657,0.003428748691640327,0.000786504228137246,74
0.006672277807098208,0.07175346909116959,0.0028662192866043133,0.4198843428333191,0.003994417370335004,0.007511954485281152,0.48015838173699965,0.004779673611948219,0.0023792637772448782,75
0.01771957022820772,0.13887813372257937,0.00770392434885921,0.15136543111956477,0.015551477469154197,0.011471788470351213,0.645894552524782,0.009001055006822124,0.0024140671096794892,76
0.008168630914921456,0.1143770536949836,0.00513308749279166,0.60602459790184,0.004398002107593143,0.001688359677184507,0.25339477713460595,0.00389118654220746,0.0029243045338723096,77
0.012082991181134395,0.08816900246446267,0.014946125023514925,0.444585890842804,0.001953852070424733,0.0009903864489891382,0.42629291507306605,0.007777359654259339,0.0032014772413448446,78
0.0317741456312828,0.09527813715419946,0.0025789963489754758,0.2085557738428319,0.017060742995477524,0.003815176687797571,0.6245556083230909,0.007738891979204197,0.008642527037140295,79
0.007990032053956007,0.041023916174954836,0.011323683578780446,0.28507130748321613,0.004015291720795437,0.003957673286486332,0.6403452679119922,0.0028551010257156337,0.003417726764102938,80
0.038357240207434994,0.08381644463443608,0.013469061344874512,0.1084761480716251,0.019625850974368815,0.0031503957198685444,0.7218161146519337,0.008814865538518634,0.002473878856939501,81
0.017080166196012436,0.16703901815545757,0.06523697272398525,0.042647022800572976,0.15676811883563863,0.025519008157373246,0.5237969112726744,0.001416353540091678,0.0004964283181937871,82
0.007324319418509607,0.1160143695451883,0.09155711481689527,0.061052359369918006,0.12208051490421694,0.03155330179717931,0.566441058410529,0.0030872265751024897,0.0008897351624609807,83
0.12089527136870273,0.24908244821570388,0.008440372090855689,0.42253204928043575,0.024786490121992657,0.04208777039046244,0.1295964402716933,0.00023635289851331093,0.0023428053616402684,84
0.030270300331804976,0.23124020500162332,0.02571272585119608,0.011008351352471604,0.14436069647562966,0.02356255705731528,0.5142044395518902,0.011942940389195127,0.007697783988873808,85
0.06649620544403671,0.3320381761706354,0.0011043157106425268,0.08181893461549083,0.0010021645273592546,0.02245127642881448,0.492972002525825,0.0005348373940151263,0.0015820871831808787,86
0.11581227206138676,0.1808850356735948,0.0017248961526600793,0.10464615006642565,0.0030746717247947873,0.0027126284802900507,0.586918671333805,0.0021167719626037423,0.0021089025444391615,87
0.8269454611769906,0.024130243488332277,0.006819928288948423,0.10104663967779388,0.014790880125438916,0.0027411975749084064,0.007178313468871723,0.011984193542806764,0.004363142655908832,88
0.4989902341260684,0.026303270748141462,0.022217317758689754,0.35359803677001456,0.05887038858162003,0.03425640419101558,0.0024527361486806555,0.002098739632353744,0.0012128720434157775,89
0.3043653591158057,0.03674747507555475,0.002706257793391302,0.5206145172174611,0.0260349861856637,0.0846869357249994,0.017491965448350653,0.0010084895198513685,0.006344013918922173,90
0.48393060108739255,0.039674904006316646,0.011615352981610505,0.39042329001646203,0.0532648899522251,0.01431879175229946,0.001214786755734462,0.0037881474915406788,0.0017692359564185967,91
0.5095825850966036,0.030629303753546302,0.014420386055755515,0.35239549684273164,0.040987815214551984,0.042535944797878616,0.005725290507986066,0.001769393607852138,0.0019537841230941166,92
0.4619935942385209,0.05483084831866997,0.012823479412537964,0.3821452298920616,0.061139243511014595,0.018808636926406663,0.0022470643850574356,0.004274414152826067,0.0017374891629048706,93
0.384650289620706,0.03327707328562281,0.012393726598074781,0.27873774470377605,0.07450549118466293,0.19620785313516864,0.0028255719402962994,0.0018199599214687053,0.015582289610223895,94
0.08052458927664408,0.08543736845482258,0.016717967715802355,0.13370315946969089,0.03999478914151459,0.02789417259352018,0.6089564154856564,0.0015537352568474445,0.005217802605501432,95
0.46492020920896865,0.014435669558090744,0.004309552983373721,0.26218527467250446,0.003641999904221489,0.027734584777805053,0.220977416128758,0.0004966314099283414,0.0012986613563493693,96
0.12506799535691726,0.04752840862140655,0.01746055501085832,0.20623711325620975,0.059619887384841225,0.007277245812058366,0.5323318615894317,0.003592712604577602,0.000884220363699269,97
0.22450671579141546,0.16403631393309778,0.0008724183003203849,0.20300929003301962,0.023108475896758452,0.01509531527317355,0.3555771488162206,0.005989908123600223,0.007804413832393905,98
0.10298107050073345,0.04831735516639579,0.03481119364834641,0.3139765009162921,0.05452210487774123,0.014184741484965777,0.4230104307533569,0.005774224378578829,0.002422378273589525,99
0.8327723041406242,0.005954983440447217,0.0004064639350302005,0.04393694412070266,0.0016701155454368532,0.012236654056282053,0.10204739078950249,0.0003529599622665433,0.0006221840097076952,100
0.8056096495333518,0.008280930965040201,0.0014753285749602213,0.1111684423786691,0.00870622594976884,0.012411161630206767,0.04764451571253786,0.00337037975428259,0.001333365501182701,101
0.31229383595720894,0.037753657428051444,0.005417389422943107,0.3146857967637442,0.06928152732055279,0.2548947078355368,0.002932385781172763,0.0014422422729983388,0.0012984572177915108,102
0.371455785574292,0.010610622207998794,0.004458140840113474,0.4511225209978666,0.05442185899789116,0.0555991280183621,0.04845507742561904,0.0018227207215507463,0.0020541452163059157,103
0.4079210443002617,0.05995409524258049,0.0037818091968597487,0.17798178917662313,0.01696379553713298,0.16942150481172852,0.15042497488830875,0.0066247247089263545,0.006926262137578398,104
0.21863176453376287,0.008698439851748872,0.02661754072919694,0.40643469350745803,0.22355633243195433,0.11166237710006004,0.003531478090070569,4.227537026382894e-05,0.0008250983854845241,105
0.09921315274478423,0.026251294793752714,0.07687687684490296,0.1872859831773104,0.44276110859029255,0.1642291862690431,0.0004943530174913682,0.0005615685545938118,0.0023264760078289494,106
0.7360046116367003,0.018018051670302914,0.005266423153328941,0.14904300019135527,0.019851755720381295,0.06858792317750394,0.002427761429961874,0.00072286749962774,7.76055208378516e-05,107
0.11534697558281376,0.1792738501941533,0.020874739297358603,0.13747242572950494,0.1358338880585996,0.3914232775575088,0.018343380220112653,0.0009092370036130143,0.0005222263563353085,108
0.2099708745255256,0.007461690276025347,0.017885609218255785,0.5805285410358756,0.10796188920262055,0.06595122367596148,0.009290685491566055,0.0001351718129662176,0.0008143147612034104,109
0.868751147471363,0.0015845409145069502,0.00025029078824675174,0.0682028874725601,0.0020919013327711762,0.019221126123755282,0.03746430765570107,0.0020871218264975414,0.0003466764145981203,110
0.10260668655615958,0.030846069536737592,0.054969732484371855,0.21321249912615542,0.4125069393681036,0.18373468376524188,0.00020616248596028132,0.0005970559795117914,0.0013201706977580467,111
0.3088007301325361,0.0465965274684973,0.002098202487699091,0.3579630688255887,0.025107864099357294,0.15011211806805477,0.10393642362289117,0.003415055708076745,0.0019700095872985783,112
0.438503260536724,0.01829779514692466,0.002492564252375879,0.37513097114920074,0.007091988104196803,0.11307602878629491,0.04225990085457754,0.002646990369360595,0.0005005008003448701,113
0.434664462460625,0.01028773805016088,0.0015907003890111566,0.43600327157646124,0.003973015906101054,0.05011208689447859,0.06165581559849127,0.0007674941930941997,0.0009454149315765356,114
0.6467426104977364,0.018527778945228536,0.0014362773823892155,0.29753257600558186,0.0029529087082897183,0.006265607233916258,0.014814277897511524,0.0054202023463725876,0.006307760982973965,115
0.7922724060234948,0.028031918320982327,0.0006643888458166694,0.13884368507660894,0.0029048647121409136,0.009812728219523168,0.009925133317708485,0.008096555782228386,0.009448319701496262,116
0.8294362886685486,0.01852346267350949,0.0007448803821123667,0.10318579625179135,0.0032553431727069863,0.02592421443943795,0.01613681042265581,0.0024504429310946594,0.0003427610581427845,117
0.7829830900489594,0.004027003404107586,0.00041915495391938384,0.1785156918275213,0.0031945201204917205,0.005125430323764611,0.01442835686063028,0.006761655808232889,0.004545096652372739,118
0.6608852763153654,0.005736157063141963,0.0010941709336955267,0.3016006665137025,0.003817053546503087,0.01435362028458121,0.004094657538474152,0.004093602727627172,0.004324795076908886,119
0.4872159165762974,0.045844048541995586,0.0057177291952226275,0.43132541280089276,0.0063531683142677075,0.017756503190027823,0.0029056269597657314,0.002532061844090071,0.0003495325774402323,120
0.22375633128002712,0.06102063573784505,0.01559049987361845,0.03660206792825895,0.04252919610877063,0.041760896891800556,0.1459233901580142,0.009680050190296769,0.42313693183136813,121
0.07818396970132509,0.08875752706200797,0.010501062361482322,0.06414666062586201,0.02835751674330841,0.04952229597930234,0.12211177605621228,0.01782966879166393,0.5405895226788356,122
0.2093355960096478,0.006984600146658396,0.019653204054202976,0.23600038097447174,0.009784635784671756,0.06135309544671869,0.04439752551781897,0.0018165150767693377,0.4106744469890404,123
0.20850041011408227,0.007185418021580482,0.019700252691503967,0.21785452613593406,0.00920493379347032,0.06907255104445394,0.039815148969552086,0.001857442121638869,0.4268093171077839,124
0.045837933477554604,0.13854916225812292,0.014392094203934773,0.08421246859808136,0.013187826320575649,0.0377254578213461,0.03803607230162445,0.010765760553914977,0.6172932244648452,125
0.05748859733982528,0.08303701243211227,0.008009954784811807,0.11821943935522865,0.014547203273083889,0.032012137940322045,0.04667916732869304,0.006683633757353862,0.6333228537885691,126
0.2546018591230518,0.003624415966904302,0.008936004066068676,0.1270314056939617,0.011321874256744722,0.13292800422279238,0.020434101469543404,0.0021156078839775698,0.4390067273169555,127
0.07722037038333619,0.11394375538848173,0.016057483357656267,0.044977959221911265,0.027153761318386673,0.06061334330696584,0.08956849049414253,0.017369289333619437,0.5530955471955,128
0.14669736984048878,0.035929510930549115,0.005555192694791697,0.07949229936302162,0.04251406795022983,0.02009726112886681,0.15930586322824158,0.013294920307572221,0.4971135145562383,129
0.06570558371640152,0.11234664450647175,0.016271476519959173,0.07415757624227849,0.03443258415201847,0.05344659700239078,0.07585354778737217,0.007409807961726673,0.560376182111381,130
0.26177128364883445,0.012635113707852233,0.009339232070649113,0.12644971723893794,0.011477915378827181,0.14220866648971922,0.056197489609689025,0.005357195634749965,0.37456338622074087,131
0.06595816470707293,0.031312218048595485,0.005981958947364906,0.03792362566777788,0.059827459969253316,0.07298434513861977,0.05795571251231314,0.035545884269236695,0.6325106307397659,132
0.09253317839969807,0.057318951317824496,0.006552801050596994,0.07784047707759097,0.0107922838506768,0.036953323480782375,0.08254666109142716,0.016618689443334788,0.6188436342880682,133
0.19326483105247158,0.012398578370539443,0.009448825081340846,0.25450982528235166,0.010118804554177987,0.06658517497936813,0.026586590196504997,0.0006801568793308792,0.42640721360391454,134
0.07561135760131628,0.030687719717613266,0.0014043996092059712,0.09686871792702904,0.003667382719730382,0.03171730566915066,0.3391329512808762,0.015507047490568823,0.4054031179845095,135
0.030358968230492944,0.21534455441933242,0.024847286683208007,0.14733479928671506,0.025393487540834557,0.030939303082072097,0.10040408553380163,0.014409380411732188,0.41096813481181116,136
0.7091262673518538,0.060655981365851826,0.0016596968933437358,0.18667846871809052,0.004744463584994201,0.010999702182884223,0.012042371758579865,0.013528910927281146,0.0005641372171207662,137
0.01818658716967039,0.2807049530504429,0.003402860895755883,0.007652037318335039,0.007455611708351313,0.016922220211848495,0.6649124443144367,0.0006506760704948192,0.00011260926066447363,138
0.003662073015803622,0.18045290322227997,0.00016262418145213464,0.009755589477202066,0.00013300213884344698,0.010212597596184961,0.7937201447550496,0.0018432815147160153,5.7784098468350194e-05,139
0.1635350671050668,0.4476556341608559,0.0028454563747557834,0.1803573350143091,0.040189791375413675,0.06781731417110226,0.04793709096095303,0.036922256237939245,0.012740054599604042,140
0.020110746886788194,0.2948117662557747,0.0004026195657728906,0.005208381127111441,0.0008222885648572877,0.02259689323675562,0.6554571409504327,0.0005327493294988564,5.741408300817982e-05,141
0.003423556207867033,0.39916308009379103,0.008828351688287682,0.005507044292143772,0.017708938295151647,0.004986668380802964,0.5556826587960553,0.004645854292460825,5.384795343992216e-05,142
0.02189393658294767,0.05383712637697961,0.03798148615242762,0.014986778663952677,0.08166977462660328,0.007191456601325113,0.7807300784299395,0.0013873831562140615,0.0003219794096104274,143
0.018103940534469808,0.2909090523726884,0.0003724073115579131,0.0045925501026193504,0.0006707502568650392,0.021001126804573195,0.6638440432913474,0.0004612577590531983,4.4871566825617806e-05,144
0.18762664897661607,0.3567737894778119,0.0021435397674779634,0.16450599628904874,0.08196397017981516,0.08512111951656408,0.05787712156783264,0.05680384579920082,0.00718396842563264,145
0.022146242810699334,0.45563201305650336,0.0032665324049321195,0.01797778619494143,0.01098825296625844,0.020868810731763908,0.4624898892354732,0.0064413188007671355,0.00018915379866103367,146
0.004230908468680093,0.25690432680649855,0.0006632391683134125,0.007669334269940237,0.00013692849615025763,0.012971496629624546,0.7170233869806143,0.0003286087290467631,7.177045113188283e-05,147
0.008627767794541202,0.10164138546975279,0.02019413173414237,0.011179829355455022,0.047136644629516236,0.006788324047662252,0.802460889540376,0.0018430500893301441,0.00012797733922403334,148
0.006907698477623664,0.3503619506656587,0.002079237081033881,0.01257736519138278,0.002579397564332728,0.015377183985423688,0.609491844996281,0.0005346820777960861,9.06399604676238e-05,149
0.07302840086210755,0.05211129243266283,0.0046362663176456615,0.05366860749690692,0.0016342362003952983,0.0049587611501982634,0.8063328582088204,0.00279261747880679,0.0008369598524564134,150
0.03108045083330129,0.5781887780909454,0.011787818488997806,0.006573317115271751,0.009448428883856377,0.12319305356522291,0.23770141594764302,0.0014878222510986223,0.0005389148236629227,151
0.09699884288395987,0.20715988838520952,0.007041123748185067,0.023006206466261354,0.019837448324692076,0.03406047433749925,0.5832198590855884,0.02676206216707579,0.0019140946015286477,152
0.005674560457056323,0.47967372968175703,0.13185510070105813,0.006578773433265717,0.025376483157247616,0.015768696485124335,0.3346178989437314,0.00033020035632238154,0.00012455678443708894,153
0.013988689791971733,0.3546602414190209,0.005592966929629669,0.00887456395029665,0.009052629957305363,0.019176894135938007,0.5858901560113202,0.0025815791444405807,0.00018227866007699834,154
0.01924737038540974,0.7885944873380643,0.005511099882681246,0.008479887366664449,0.003726845605576898,0.15723261008094241,0.012442933111323226,0.0038642163756584243,0.0009005498536793821,155
0.02416522864395789,0.11240971702855768,0.01224829044653125,0.01945444518329102,0.07918563470547811,0.027796231122275503,0.723300309990833,0.00108930075354765,0.0003508421255279767,156
0.0506089161440492,0.32548196929104634,0.004745074900697157,0.018491315200875148,0.014552087408021717,0.07810260363959773,0.5075828427264764,0.00022686701007014213,0.00020832367916619768,157
0.017078942444165437,0.5296189781365835,0.005314016907260475,0.0165974024056205,0.021441027406462324,0.04538620244453903,0.35555866817084575,0.008602698590977424,0.0004020634935454365,158
0.009057677172507536,0.6149039893042589,0.0063374392057359745,0.014124039111295483,0.009538053876617216,0.016228420588493903,0.32030142254085914,0.009474979867315362,3.397833291646085e-05,159
0.005576632029236994,0.4017599091549504,0.006954057136684917,0.010184451395796202,0.007311142432062802,0.020222483292571775,0.5448291879493465,0.0030412056861138584,0.0001209309232365372,160
0.009987963815796058,0.8237366009209326,0.0021628462209233273,0.02001166809003134,0.0009426752071611186,0.10758343142698364,0.03198530759128404,0.0029168302022465698,0.00067267652464128,161
0.03767828748973573,0.17797728185393263,0.01776322633367856,0.024333477578294658,0.0332156293355206,0.05582561594760048,0.6488809612607892,0.0039932123925701096,0.00033230780787777705,162
0.006482071547567596,0.2858826232445628,0.14441778208849224,0.010435450683334638,0.08224611580004211,0.01458694363496206,0.453832059486149,0.001976039842472863,0.00014091367241660728,163
0.001998441299615928,0.2824517617122295,0.0023309137650433178,0.013080351620029445,0.015329244258793706,0.03218049794154117,0.6179227998919746,0.03451024245194277,0.00019574705882951412,164
0.002813162737990962,0.25105498231876877,0.0001649209427600481,0.00901536875233135,0.0003303412357047858,0.0060084696402297666,0.7278978735905846,0.002678376865790647,3.650391583904692e-05,165
0.005484676766448439,0.07098801245819444,0.00022584892553246475,0.009797041402276939,3.7279919455700575e-05,0.010658787527419087,0.9026301793203992,0.00011858707274871253,5.958660752503263e-05,166
0.07606551152551237,0.3746569177788443,0.02670674183172214,0.05935241662771785,0.03259997811434544,0.028972070561556592,0.38729030591259733,0.01351471802611048,0.0008413396215933439,167
0.057997798956125425,0.44549886967989716,0.007579344917941414,0.06926272525757536,0.025647501892451685,0.06220375619931111,0.2937845416826869,0.03681962231595839,0.0012058390980525914,168
0.0018068217906220653,0.08668083675704825,3.7031060554185254e-05,0.014080005523784281,7.63265043199885e-05,0.003143937149891239,0.8939220679778062,0.00019565288051067207,5.7320355463171105e-05,169
0.08624798064840006,0.13128927797106163,0.009721498506048264,0.06213523829926579,0.008650525112832185,0.011645393497822223,0.6806492737261857,0.00855183711486077,0.0011089751235234967,170
0.17407864315101013,0.2363160457411837,0.0026699182926418494,0.06938949915503811,0.014639682515789057,0.0703664683806144,0.4229096161307841,0.008520529122789004,0.0011095975101495727,171
0.022742050129663537,0.17182879918655888,0.03984784879371508,0.008636393505003571,0.024609696870534967,0.022121109462788686,0.7013984484945801,0.008566835822464466,0.00024881773469069817,172
0.014376133824774793,0.05599467626308492,0.03327509001321492,0.012801400822554668,0.0590099557933215,0.002171882399133079,0.8196839760649182,0.0024136356937948375,0.0002732491252030538,173
0.01016114218309301,0.25093168419572914,0.004688693569042698,0.01319536068782462,0.004989057191333786,0.02304209612207582,0.6896595792416148,0.003122651789800363,0.00020973501948574517,174
0.003662073015803622,0.18045290322227997,0.00016262418145213464,0.009755589477202066,0.00013300213884344698,0.010212597596184961,0.7937201447550496,0.0018432815147160153,5.7784098468350194e-05,175
0.01455538912843356,0.05067511127633119,0.029131000820724895,0.014600401337703448,0.06602977781634443,0.00218769208962741,0.8201542607746888,0.002374566978783022,0.00029179977736339726,176
0.04058586993527037,0.47292830823089893,0.0018459223885242796,0.00833054023112396,0.0054963377553761805,0.08761108248964328,0.3829295979611123,0.00018744603951005906,8.489496854057102e-05,177
0.08595895368667493,0.6146803531595868,0.005412018614444055,0.023741310302121763,0.0045390535040207075,0.07108332641202462,0.1888700787184489,0.004734746858101524,0.0009801587445767937,178
0.014611559333738073,0.33879179262464354,0.09066275095126412,0.031196016443166615,0.048873398009503834,0.021317555882750305,0.4527812863892871,0.0011446472759279332,0.000620993089718588,179
0.008358437080328884,0.2877198629556167,0.006794206715907466,0.008080086612433262,0.023053435254519146,0.013484793993601037,0.6496814419437834,0.002708062022093477,0.0001196734217164133,180
0.014970161433699985,0.5670396073007273,0.007571837814291122,0.00698665533820085,0.018608395312993846,0.09769273689725136,0.285686743146644,0.0012617650260038967,0.00018209773018758305,181
0.024130501594250765,0.677737586389339,0.00822648038046771,0.007064254686319883,0.006241862043337521,0.06932491366381034,0.20578900453037244,0.0011729735783958637,0.00031242313370647627,182
0.05655298657088621,0.2872567722541586,0.00306709188596574,0.010415142490252029,0.004924515471193157,0.11766314061831021,0.5198310913659475,8.456312920707127e-05,0.0002046962140795455,183
0.007190599372245061,0.23099360352002185,0.0023548049541060444,0.014072657570565292,0.0044895211776786225,0.0160832725204041,0.7241232939558349,0.0005873773941860019,0.00010486953495811847,184
0.07557157949928171,0.6794679086309611,0.010038797488767189,0.058264200592041855,0.016815309096904832,0.0210776108568361,0.13630444734517158,0.0016584685600266626,0.0008016779300089303,185
0.1442716800965198,0.5550801560746322,0.0012676112968690186,0.045141983629547855,0.010009547835072822,0.016102303947739215,0.2253909349675375,0.0026801112912690616,5.5670860812470926e-05,186
0.009770333121879719,0.22589935113188414,0.0008260689609349311,0.007615428592661919,0.0015030941410542277,0.010450088296958156,0.7437279100363381,0.0001570024052238806,5.072331306475667e-05,187
0.001581094765229698,0.07912247156015058,2.438753217232284e-05,0.01692481415240123,8.389261368584543e-05,0.0019571219809270866,0.9000579180586575,0.00020274174158312186,4.555759519263619e-05,188
0.008241728065546497,0.3061389799448039,0.010360464617543187,0.023750521971925564,0.00554123521696784,0.02309232853594243,0.6218606719263715,0.000840564266114196,0.0001735054547848897,189
0.04171701758462089,0.1358944017276731,0.01078917877667809,0.03864716006699184,0.01907478677160764,0.009957035367846596,0.7358817412499739,0.0073862503952896235,0.0006524280593184952,190
0.3085821241679242,0.23755422008718444,0.0024746091869605968,0.12163089978094017,0.010296161296065899,0.08187229869621762,0.2361307056878377,0.0007090412389984377,0.000749939857870941,191
0.0036500814298407666,0.35516276705677424,0.008486250271494106,0.0005002181748118485,0.0179193550902763,0.035363658139993016,0.5775281873606835,0.0013424622444478012,4.702023167848584e-05,192
0.0092662558793158,0.3126361042667434,0.00021611676719630082,0.007162459310087608,0.0010560355076988214,0.01235191278106455,0.6568708081189251,0.00039136360400322394,4.894376496546053e-05,193
0.026524162810754842,0.19183198110370336,0.0003686638277398946,0.007014189577840958,0.013173593880925188,0.02127531035995637,0.7297727359273923,0.009929089945345995,0.00011027256634107591,194
0.011393233220118476,0.23894137431007617,0.003482798992127587,0.009361813975941796,0.002188162012324145,0.016867260738862334,0.7158219725194045,0.0017101874545016216,0.00023319677664333484,195
0.03779447718064012,0.08309344962497295,0.02930590653864982,0.025779984421033065,0.041431956915508016,0.008837792770148763,0.7707399010517741,0.002676029238805457,0.0003405022584675641,196
0.0018209186272731268,0.21178199604964196,6.669720451263079e-05,0.011910378001080137,0.0003709894610281766,0.002170398439639741,0.7692670674139255,0.0025900033763972827,2.1551426501492876e-05,197
0.013176638373179634,0.1884260866113335,0.0019896255726601286,0.02781259665726572,0.029460584724149037,0.008160661683021962,0.724261855791926,0.006606359587761751,0.00010559099870218615,198
0.02696873977018978,0.12645120039269817,0.014831402919373021,0.06856170001831216,0.0759435366528743,0.010368399907580221,0.6715877956080033,0.005106635576697204,0.00018058915427193406,199
0.013292764158744889,0.3877551433110705,0.0019035098071066632,0.0170286618018051,0.0021466819563901647,0.02475578390377451,0.5524979885448299,0.0005168195101977034,0.00010264700608064679,200
0.062316522420688025,0.43746847636052844,0.007999930896608652,0.03423961934088041,0.016747913886617567,0.03919839909349651,0.39599294138158264,0.005547361610857569,0.0004888350087401849,201
0.006046514443708543,0.5161312479456273,0.004223957520922302,0.0010705669075402073,0.00828675964336256,0.025708837697023902,0.4374275313948171,0.0010425022296634702,6.20822173346586e-05,202
0.04282277968751097,0.25065484025314383,0.0015204434835386898,0.021370619963361218,0.0025158073487968084,0.01048940308131764,0.6690041698387587,0.0014684733457364077,0.00015346299783581028,203
0.022267714584137364,0.4948858836681938,0.006665850249261866,0.02049393601412386,0.0303492888705349,0.04939332443898226,0.34716076519960304,0.02628213330467766,0.0025011036704852547,204
0.01938987031361057,0.16339627165420026,0.06329196023807249,0.02472610163028676,0.13491665022726404,0.04263254914609971,0.5500762769250491,0.0011548276444143305,0.0004154922210028526,205
0.005824172143601151,0.18885685777996952,0.001190599164083467,0.010570841054454888,0.0012250382160071034,0.01582214198189416,0.776098375870302,0.0003445622266890806,6.741156299865344e-05,206
0.01185609726443172,0.06672021571822177,0.08194998311131464,0.04449241559738874,0.10084991343713963,0.017303846315672073,0.6706077347097947,0.005966697394271071,0.00025309645176585266,207
0.016527639947866695,0.4413755251161079,0.25448284249319536,0.014715125689879845,0.013719411092687357,0.005753506618851867,0.25295728240043136,0.0002549817642809652,0.00021368487669874017,208
0.013477486050300287,0.21125300471803404,0.044027881310795956,0.01692049941677604,0.3360558592368752,0.11217343559387942,0.2584034004413492,0.006921971902648791,0.0007664613293411037,209
0.04319071835370546,0.19437385704295496,0.011593589150776863,0.024138237028529366,0.03872787046858455,0.029688113593084868,0.6522185964206484,0.005749072302755072,0.0003199456389603216,210
