class1,class2,class3,class4,class5,class6,class7,class8,class9,ID
0.014688536704131857,0.29642648679121214,0.02247158944667997,0.019206133610804272,0.030290915843682473,0.058663693879547105,0.5488623716796741,0.006394929795130513,0.002995342249137656,0
0.13484476844055432,0.1062926074840028,0.012413458883469118,0.585249382073397,0.049562245677536663,0.03653791450457984,0.05818289551513182,0.010062708955754411,0.0068540184655739135,1
0.010175577966176762,0.25542375780542137,0.004027619309111811,0.024370306307683574,0.026480321369493916,0.04416715394938848,0.6217685061628715,0.010801253669582315,0.0027855034602703114,2
0.011084122380228741,0.2551038985641503,0.011245210633662996,0.025133419207827256,0.03925241986259701,0.029048424430490938,0.6193439666279841,0.006764308221412604,0.003024230071646143,3
0.10436784165954596,0.03390138431643176,0.025983967685414024,0.6492296923649709,0.07751636626379552,0.030088439021509407,0.0734418566574907,0.0021709009433224236,0.0032995510875193468,4
0.17267897006219646,0.01789077319988536,0.017634592322415092,0.6662963736237626,0.06417220603293582,0.04297244186575522,0.014303954870738721,0.0014957823121371017,0.0025549057101738304,5
0.16566780884965998,0.18204453252699057,0.007066181838308263,0.0940156187889507,0.08075052544943102,0.0349689607163534,0.423524118315661,0.004776713846032524,0.007185539668612459,6
0.08377571320959708,0.029428773413296704,0.011343715423604728,0.7132227369097586,0.050273379455300166,0.028847829246344703,0.07488049648880883,0.002531031202710159,0.005696324650579227,7
0.022704956077132566,0.5673060173796608,0.03779301713893904,0.04705745767393989,0.0648508466687546,0.07094608799782298,0.1826633506116557,0.004602950337510685,0.0020753161145835594,8
0.017920545938913447,0.663908492473099,0.009580603491069482,0.029197492616299336,0.03473784610816813,0.0644289424158551,0.1733606175430992,0.004025993935358282,0.0028394654781379695,9
0.006654542761577261,0.37378216197849207,0.0063428877734489015,0.013434372237495024,0.022750171293299804,0.04436635363928507,0.5289655462447518,0.0023275183786567,0.0013764456929934393,10
0.008671835457946349,0.20835188668197188,0.018126799017841668,0.03420954335729074,0.04232686968948279,0.04454649309735457,0.6399781820996635,0.002529279353116011,0.0012591112453324209,11
0.34773980823901024,0.009049837680288983,0.004399084900541333,0.051294004239825775,0.08882503286790099,0.48273327585346465,0.012218008782244792,0.0018578382083016007,0.0018831092284216347,12
0.008877777163925373,0.3008268704331334,0.022969139302736107,0.019056923053671234,0.03826655369587682,0.05153999480589995,0.5546931691053084,0.0026058797596948038,0.001163692679753902,13
0.04013448159352984,0.6168858900700631,0.009418417221276723,0.018142633207653577,0.045977669703708944,0.0703821079880721,0.1891552403333433,0.006162315259872703,0.0037412446224796402,14
0.010738952726502252,0.18795673987998412,0.01683496966370603,0.021030120378856754,0.045068548461816155,0.04690943830870232,0.6675843377004347,0.002740668670047174,0.0011362242099503936,15
0.021985834216104182,0.14108100507413512,0.014137899788909638,0.03958292711778594,0.02557843034798655,0.03650834137324427,0.7121516364310052,0.00580420126833873,0.00316972438249023,16
0.007356094919029681,0.2890248462248604,0.01691513666362069,0.025070685531298795,0.03954374326202445,0.04380395357213605,0.5745208864887509,0.0024102509380288057,0.0013544024002502878,17
0.06417732109589075,0.32389513768795164,0.012198779922071986,0.025699211354005866,0.0451278667951478,0.03609816230937482,0.48093071611449345,0.007350431359740942,0.004522373361322655,18
0.0038450255352726888,0.09031890766417891,0.571108726808407,0.020755033968847217,0.12942429298869895,0.05395222209452987,0.12442107290588611,0.004195678763336062,0.0019790392708433444,19
0.11800153877316309,0.06614030045822952,0.013000784152347183,0.6479575026436892,0.06423944208897057,0.051523585241704535,0.024497051764880942,0.006075873502428487,0.008563921374586362,20
0.007135757805548626,0.3561958185015638,0.013064946721580904,0.018638434558026724,0.036137702259622095,0.04824433536582631,0.5173669642081525,0.0020657539954443064,0.0011502865842345493,21
0.16921532587212174,0.07139222560998783,0.024511738836950826,0.4659252013125795,0.1200399638492441,0.0444746554215466,0.09841675706360038,0.002763615329500137,0.0032605167044689517,22
0.012144185440747626,0.4176088915189368,0.02937986721792136,0.022902219417330245,0.038453270008701086,0.07805288248704118,0.395481919300546,0.004106468638969812,0.0018702959698059533,23
0.008655985868077355,0.36245014691634886,0.031043459507306102,0.024004663294803254,0.05329872847364683,0.050969236283637316,0.4658687434319029,0.002561599016731155,0.001147437207546289,24
0.10277879081262883,0.3151922474269354,0.027893607469428,0.2021492734789019,0.08736554781987563,0.09235460517051526,0.1633156064797729,0.004516287300703477,0.004434034041238707,25
0.08063479023820769,0.09559516852707409,0.020947261186875517,0.2595374442949496,0.12542631614958977,0.04210894486521073,0.37204694205451616,0.0018672626223033655,0.0018358700612732253,26
0.007619508479375821,0.5998567799176261,0.009856865584517328,0.019628027428602646,0.02800646974728301,0.06386258145599955,0.26662258037073855,0.0028554643752815574,0.0016917226405755582,27
0.02048478853902421,0.13310812044143536,0.007494791712474518,0.032673422229970044,0.019971308395816272,0.047494378313139615,0.7249739318624908,0.009008296436912295,0.004790962068737032,28
0.02791954686287974,0.13333823778488177,0.019650264862169836,0.061970971063131944,0.060053629154361174,0.04939375646075884,0.6427006842576827,0.003113047809889969,0.0018598617442439887,29
0.006064701379137407,0.45948299731757214,0.006706534428491613,0.015674318407288647,0.025295288855292787,0.0433191462682389,0.44016360898721824,0.0020154489073987603,0.0012779554493615732,30
0.020762326499020236,0.12480104389900658,0.010528206578366195,0.06190903394929586,0.027820284226957807,0.05437720477550766,0.6879382339908017,0.007541505499450405,0.004322160581593486,31
0.013069818075076381,0.4563705659836647,0.024058661613140186,0.050812583628751976,0.04401582638899207,0.05730603878436532,0.3484501548579462,0.003988452412084134,0.0019278982559792085,32
0.28968049976435106,0.25267524517112155,0.010060107337330003,0.20088528586985163,0.07359407187511414,0.05874795054284496,0.09311331593598916,0.01295561522737215,0.008287908276025513,33
0.051237042530368454,0.31255429395585077,0.012429536522277263,0.04547900537670869,0.022386248121759437,0.09530496424707949,0.4321521360710255,0.02148007761331646,0.006976695561613886,34
0.08259066868057595,0.40832312106054997,0.012757337295083548,0.2527201695796217,0.06833422711473987,0.07584235331319203,0.09107800561931513,0.004607147463536476,0.003746969873385371,35
0.03441598050540726,0.15962423041685686,0.029282601222453762,0.3358816036612623,0.0752545186185925,0.06657191265898722,0.29168651979094123,0.0035971180075126037,0.003685515117986237,36
0.46269421941134087,0.03314395782676922,0.008110570358871284,0.2867220599091614,0.05131706065914145,0.028303259965212157,0.12304292930931554,0.002127966953758226,0.004537975606429901,37
0.02672045458939572,0.27760997634103307,0.010869791981541017,0.01003228944978073,0.016854950352179144,0.040389347232797204,0.611929040504579,0.003441210222425308,0.002152939326268776,38
0.0396653777251639,0.26412920286160235,0.03296500664655546,0.17805105563838158,0.06854160927384256,0.12159627726777612,0.28697157312345467,0.0047140622336405815,0.0033658352295827766,39
0.01033305568326036,0.24989402812015146,0.025645522699533598,0.018923841372198064,0.04094464139678555,0.0502786302315533,0.6004941062474488,0.0024580300052695625,0.0010281442437992503,40
0.04658172501790165,0.2627882862881607,0.030783831855668128,0.0779907965853066,0.05120155726904379,0.09846935288943177,0.4158432098079535,0.011603090955458821,0.004738149331075064,41
0.45204225334493364,0.018095390333561032,0.012348836989159024,0.35391490839324535,0.06583876538362354,0.06414706043911979,0.026094662422544147,0.0033046989523455475,0.004213423741467979,42
0.1973531658148409,0.06644378859716162,0.011715503068415505,0.4430483668221448,0.04134696047779146,0.048405698464318095,0.1738686672377188,0.009199761088463492,0.008618088429145215,43
0.012947272648267574,0.2192990223408606,0.013408453036717468,0.018867396478499478,0.03273173095354261,0.04374108029271832,0.654397258637609,0.0032060055555962414,0.0014017800561886128,44
0.05281744956721871,0.24662786447089063,0.016732837374214302,0.023061866821807,0.02881337953682428,0.04817684335610192,0.5750678911640035,0.005399758919091665,0.00330210878984795,45
0.08845447050901753,0.18958756348791983,0.024298326660171843,0.0522167827561338,0.049331604845776686,0.07820591842904992,0.508635714600208,0.005615650229990151,0.0036539684817322735,46
0.35312023275907434,0.009157055056010095,0.006292752877181153,0.5362368595541877,0.033522522657190724,0.021897343420313478,0.03355626832892679,0.001881933203265223,0.004335032143850541,47
0.20069603223308105,0.3853734457891545,0.023125675015151163,0.15314061730151968,0.10210038159310292,0.05517021893243568,0.07297955668114174,0.004149768617905254,0.0032643038365080647,48
0.03267679730305231,0.7342009866819588,0.005075946363429168,0.0410115400853058,0.04375912903035237,0.06793683999515222,0.0698809771462934,0.003400952162896844,0.0020568312315590812,49
0.22855294804921378,0.0382729091418188,0.009793901403762576,0.4787489153988051,0.03076668766695787,0.02280462853716952,0.1815553740423881,0.0028586021292483083,0.00664603363063587,50
0.08915404390770701,0.15340920281742343,0.00998524392356532,0.04840692642372058,0.03144239153724528,0.03522385703080646,0.6237078549181128,0.004142491880415505,0.004527987561003705,51
0.009429359949357388,0.276376777121661,0.020034816521245974,0.03403363766772088,0.04584240526996173,0.05549944375882771,0.5548740274906547,0.0024755409669052117,0.00143399125366542,52
0.09026988510119595,0.340749735877039,0.0215259077738951,0.02718998438858937,0.023743231052915793,0.050959555743817234,0.433073065095713,0.007970311206098594,0.004518323760735965,53
0.07304903724017307,0.333961415372654,0.016202672985795526,0.030549478130953257,0.020907238387955076,0.04925139820834247,0.46622724740456534,0.0059301201927610785,0.003921392076800065,54
0.15881350569962932,0.004790356702159803,0.01991165510764457,0.7574547483558594,0.014648097577031921,0.018723930865349275,0.017722573154611454,0.0017156873731281707,0.006219445164586169,55
0.17966859649449302,0.10050667939747139,0.01610381193835608,0.49946714663816855,0.10233598373241304,0.05171519338686745,0.0437279976094196,0.0028202525108722756,0.003654338291938637,56
0.027600993517278766,0.4226522515782062,0.020339802805871183,0.01584559125174677,0.023534166636500157,0.04380939340898914,0.4380502548892048,0.004784294241562591,0.0033832516706403786,57
0.20024043223885069,0.021766317559673225,0.00930400138805147,0.6169119479581281,0.029514783763525967,0.03305363446658539,0.08180039767617675,0.0018394271154592015,0.005569057833549128,58
0.12473119208582445,0.1267993829920222,0.018481093109336513,0.08372591533528319,0.03037959269338849,0.07302270934664305,0.5282357491802117,0.007573727301969404,0.007050637955321064,59
0.04372119674042567,0.12066668088415376,0.0076851828189635945,0.04812323725635401,0.022813177110450167,0.022802422810555303,0.7278991887619051,0.0030151501581777043,0.003273763459014695,60
0.20215946250771044,0.021208903698811104,0.018841977620032903,0.6272421046797637,0.060120739399847786,0.04465345578535098,0.02131896965437031,0.0018637231899223795,0.0025906634641904205,61
0.14686533157518727,0.017191862720154764,0.017223029993659628,0.696662794767139,0.05068949168140341,0.04537434524533472,0.020627012476860565,0.0017896602294223093,0.0035764713108382526,62
0.0111813763484624,0.23418781150832052,0.025653255314771643,0.03539097294498668,0.05277871444670415,0.052513974000859824,0.5844385521428652,0.002580486065207128,0.00127485722782263,63
0.205481686062747,0.00774643208687533,0.01080013524772278,0.6834083216972413,0.014955040611211681,0.022901755832642846,0.04412883871632432,0.0034147604305438447,0.007163029314690996,64
0.26172164261557,0.10186101398125325,0.019473041172790858,0.28293332527901155,0.04319453839668657,0.0535452736508239,0.2218091405210209,0.006788490949212332,0.008673533433630566,65
0.04809413227405252,0.4808567652515735,0.03018168951795937,0.0941233114181881,0.07563168326320473,0.08086053837622015,0.18010734877780976,0.006599944388522216,0.0035445867324697664,66
0.07433364200929811,0.40057548981262914,0.013941870154506722,0.03494393720790417,0.030827520063146534,0.06645019605598418,0.35336772579111136,0.019589560491686784,0.005970058413733073,67
0.014250884064105664,0.12803860605368672,0.007110252150746677,0.015566198182259225,0.01846744070868029,0.04704363127883919,0.7572214085927751,0.008969331779783969,0.0033322471891231876,68
0.1813626062238873,0.01634560811059636,0.008055324352250115,0.6453088800893515,0.024657096104096204,0.05451193374498468,0.05323967108778761,0.007535940460656292,0.008982939826389988,69
0.09228927713022032,0.004601180431185288,0.016537628865762845,0.817495701413079,0.016742686496177495,0.02598431764016239,0.01633021030511682,0.002523393612690215,0.007495604105605641,70
0.007652534707178576,0.18782494024339794,0.010949948404921278,0.019758169966058555,0.028603491721817274,0.03500609871981035,0.6985756840825272,0.009045095059787298,0.0025840370945015064,71
0.3794986329347507,0.007164232998713251,0.011393026761018546,0.44034211631738684,0.08684432689123364,0.045723036340782196,0.023342424350158486,0.00194687482656018,0.003745328579396132,72
0.012587981347129821,0.30213302709363554,0.023364503292378273,0.02210689484830504,0.05635673524585699,0.035356560115727596,0.5439199507573896,0.003038975243591395,0.0011353720559857956,73
0.053633609935603135,0.2761158616228257,0.012847773474579919,0.04232150822721451,0.03117303808626402,0.06898930338592818,0.5034482328682836,0.007099731981804652,0.0043709404174962115,74
0.01832089203855629,0.5196780342876238,0.012872296823725194,0.027650462978532013,0.02655404779057,0.045389842825326085,0.33289325399601283,0.013018453450796805,0.003622715808857046,75
0.23032062155164468,0.08313857015944616,0.007711815814065659,0.5055955751856753,0.06908580177858942,0.042614864848069714,0.0458636239722373,0.008278121600041027,0.007391005090230578,76
0.01384131512417579,0.19874884730317205,0.006445116640413484,0.019164711456589736,0.02132342462875963,0.03713804364048522,0.6922355746252992,0.007810388757961867,0.0032925778231430005,77
0.1163469608065829,0.16154937338453287,0.021294879930611372,0.3543748796574516,0.04667798326425227,0.07988606085865435,0.1980076578038186,0.012508876319036747,0.009353327975059172,78
0.01519092057348444,0.13608555749915616,0.00888306819899264,0.023184889164588475,0.02139575829882036,0.05143094148041044,0.7316112054073698,0.00862719987433644,0.00359045950284114,79
0.07539177293501152,0.5021481011804881,0.008085192995981875,0.10956994562090712,0.049394397877273476,0.08488657590148257,0.14024363535404966,0.022980666160231606,0.007299711974574111,80
0.04285208840258191,0.3272367561749382,0.021812698210815232,0.24370796795585148,0.06011505428472469,0.036890690162247546,0.24539999020941033,0.014777759193504198,0.007206995405926555,81
0.42998630089226253,0.012383933214106661,0.00748401254029218,0.336813954407602,0.057190514110004594,0.10283946542438446,0.039356676647474866,0.006397309097832387,0.007547833666040215,82
0.12324883080912231,0.3525826523034724,0.010232269621732544,0.09493342546187986,0.05004581180487785,0.09229510383186935,0.2474502291454952,0.020785800723923418,0.008425876297627026,83
0.014752899606500718,0.29550414267021363,0.014128459029572518,0.04011938375812103,0.027284885873100777,0.0435832948563061,0.5432506763080859,0.016818219213283036,0.004558038684816405,84
0.011362487490458522,0.2086709416311699,0.009734901829980281,0.016742224768916836,0.01685655788503604,0.05421489791669376,0.6720130709234426,0.0074583928228611355,0.00294652473144087,85
0.28486676310640574,0.23493138151259566,0.006730791047702541,0.19438579022239474,0.049402222646404446,0.10092753756005847,0.10819151449802347,0.012212593824879072,0.008351405581535833,86
0.02456451736973217,0.15552850772917526,0.005246631839475755,0.037286049054334476,0.01767258377781322,0.06154501018412487,0.6852569742213583,0.008743754095183272,0.004155971728802653,87
0.012311626115268008,0.4265799600517707,0.0037715464523637244,0.01525381324688795,0.0129559103988829,0.046556282974672084,0.47218912265987695,0.006834260276701746,0.0035474778235758866,88
0.07717385488610233,0.09175104185535286,0.023424922597692497,0.09098859799874685,0.08828380875672132,0.08244258486012207,0.20657189747719754,0.0933918823046836,0.24597140926338096,89
0.29976138494351323,0.07181845415181283,0.0061963230277750385,0.32351571037612353,0.039101946446477576,0.03133855582480065,0.2193783943327798,0.002905844464109646,0.005983386432607706,90
0.25573047888687606,0.06743268462766303,0.031701586201598506,0.38157116141022623,0.1198293066820633,0.05527742249823727,0.0811848498427537,0.0037075711035272504,0.003564938747054651,91
0.01518145427837383,0.18229790873496926,0.04126844614251796,0.04870672062065807,0.05626506733947995,0.06577369812356706,0.5861109137899405,0.0030433927411451242,0.0013523982293480996,92
0.006521186072985475,0.2524741377376434,0.010216541705372836,0.012139635649378429,0.03052693466726875,0.036376844362808615,0.6463231715967835,0.004133357127076945,0.0012881910806820608,93
0.04147871590863173,0.3247100160488305,0.008811103266090832,0.015376936146660703,0.019653169066221332,0.029855658096763438,0.5510159065563462,0.00559945366473055,0.0034990412457248225,94
0.13483252891226896,0.024835560104406306,0.02418809708449655,0.6464900351419274,0.09412301868731006,0.04678144346708525,0.025149678384957398,0.0013021238401307903,0.0022975143774174047,95
0.022361595623090043,0.5231614974424611,0.019235290220079575,0.0342653596876054,0.033991896423347955,0.07146629131117357,0.28249175742112687,0.008988217888303406,0.00403809398281207,96
0.06828076477706245,0.35526452108609197,0.013038315315240504,0.1630454966849535,0.0459191176890375,0.04540939134079871,0.28708695471641776,0.015517031986591627,0.006438406403805883,97
0.21537180852548177,0.050324024161208604,0.01630761045721857,0.5286298645022371,0.09867541517221129,0.04557157060488849,0.04153264257071254,0.001562379103225727,0.0020246849028159146,98
0.01686868452060074,0.2360220272994349,0.012431861734346258,0.05259256126020218,0.04980005010932893,0.042578835431491414,0.5851203746094507,0.00284463319343095,0.0017409718417141008,99
0.3826562180343775,0.01848282633768022,0.009720363436687293,0.45728008002956766,0.052359881529615585,0.05412272274486095,0.016915634348492303,0.003473063221753625,0.004989210316964851,100
0.4567357952274427,0.03950537145034811,0.012469434712898957,0.33811071412948535,0.04452468699010761,0.047719117395036904,0.05063347041390422,0.004192023908572273,0.0061093857722038705,101
0.010088757717799624,0.2688098552856773,0.012273691397465744,0.020103811256763148,0.037124347676334254,0.04857648738935537,0.5984830706211465,0.0029755790544677124,0.0015643996009903926,102
0.02066089817934252,0.14700722108547368,0.011378590318587513,0.0208585277664938,0.025353934339013527,0.026537666292601188,0.7430485725426975,0.0029992050211857836,0.0021553844546044823,103
0.0677271488036667,0.27572471830506556,0.019301981012948537,0.16550172701714558,0.056537454989545016,0.07011276453031262,0.3366890765825022,0.004915969552552313,0.0034891592062616162,104
0.12960299349164375,0.5109815230482345,0.006110043198164587,0.023242204832991876,0.036002937436130464,0.05880302792073025,0.2278342832591869,0.0029438671107386476,0.004479119702179006,105
0.12349057462403842,0.24813785810070568,0.011092622650017057,0.02679246182864249,0.06469074812815849,0.03163792831521161,0.4851779250130983,0.00505101442454701,0.003928866915580958,106
0.5794391736830624,0.02612612293161727,0.009497853200339969,0.23170726964084826,0.07305736545936921,0.04854484021549843,0.0222301506927526,0.0043197613462651555,0.005077462830246661,107
0.017220390507470432,0.1645524675853627,0.011857213280494033,0.013128832731826976,0.02224578134735727,0.031163538715653062,0.7351461782626771,0.0026044756930802366,0.0020811218760781024,108
0.03630071290349407,0.25501322257374714,0.009967181650878476,0.02417932699141286,0.041625921638145755,0.04238893119676637,0.5789407506010221,0.007429432759778657,0.004154519684754534,109
0.0132336558523898,0.14160030328164203,0.010699978714110346,0.0184672899604946,0.027313773060771308,0.0384099424351964,0.7427657167904221,0.005017393630175872,0.0024919462747973772,110
0.009705724352718234,0.2792862638749785,0.006980035435128362,0.00845339276949853,0.019778847662233943,0.04837338772490797,0.6150441060155608,0.00926667665886932,0.003111565506104262,111
0.10041195450730316,0.10853757706099063,0.01730650533200134,0.4088055058517867,0.10405640737752232,0.035831999087515956,0.21853402998413307,0.002799897036332873,0.003716123762413968,112
0.005478307764803979,0.14625479771860556,0.016593618768035435,0.016389710312506335,0.04508727586006072,0.03977454483061866,0.7264606520711209,0.0026809779050391254,0.001280114769209136,113
0.23221565154244161,0.03470549530417571,0.021963603463772092,0.5016059865148343,0.0863912381400921,0.04907432250321797,0.06819312698851625,0.0028479867579738745,0.0030025887849761197,114
0.544911533226091,0.027056805457658404,0.012458335764625121,0.25099379521101634,0.06139548131684027,0.06979885141495838,0.02362962385218492,0.004675424373116157,0.00508014938350953,115
0.4684475150657127,0.06064890256745043,0.007218216137542616,0.3259768258437942,0.04207050166685894,0.051056589496755754,0.026302081148499645,0.007555210382264108,0.010724157691121767,116
0.31821266828689343,0.023494076103245252,0.021425326083636603,0.38926940841438806,0.13440240428091346,0.06459512555711425,0.04565167092453309,0.001214416020575564,0.0017349043287002684,117
0.48768544358805177,0.009848721407261358,0.00982447744659718,0.31779990885161596,0.05997858723971197,0.08595540317669711,0.01899161598186156,0.004265562642593374,0.005650279665609905,118
0.011856062575763233,0.7982503618153638,0.0028795042834265407,0.015693935584767355,0.018585529261413342,0.038085841837303507,0.09860803507323508,0.01091245838251949,0.005128271186207607,119
0.14621236616137226,0.05820371454767944,0.027135581783759744,0.5706403963970258,0.09853370862582533,0.051441049689706315,0.040859973623957185,0.002513436921441677,0.004459772249232251,120
0.26666354481134974,0.01680862161571223,0.02771777740381325,0.03941395117869338,0.5775902031919181,0.061748286070780985,0.005491798494419426,0.0023560729490819973,0.0022097442842309157,121
0.3970875640762893,0.052130318379564146,0.01567607331799031,0.346516058019723,0.07243187004195997,0.06686451366165137,0.03551919190481132,0.00677641160428965,0.006997998993720707,122
0.009541705788326652,0.5527094663858189,0.005035830669480905,0.016206467743697002,0.02643594761993069,0.042436976875534556,0.33764935827876186,0.006159491418907199,0.0038247552195422242,123
0.3316392546557452,0.03189449867925425,0.009093297688218788,0.4570357163966283,0.09043658804011193,0.038804220937493444,0.03368947043906713,0.003167400865935725,0.004239552297545444,124
0.2011113683777193,0.03605748542016897,0.01414796798565666,0.5722643225657571,0.08982676482680613,0.04800861138644606,0.029474180567428638,0.003490168271889889,0.005619130598127174,125
0.09768161147680192,0.08860096023186663,0.013729050130746252,0.3774851244980326,0.09020773004969077,0.07274646023772827,0.24578562158393522,0.006944459350449037,0.006818982440749406,126
0.03280212484314719,0.2922666682292968,0.013673288025920303,0.041180281777637315,0.047420132103948354,0.04387179982178784,0.5183622148627839,0.0070163502867071036,0.003407140048771161,127
0.11803639581074865,0.07268570787590242,0.016641323363996662,0.5269800601736654,0.0642055229832455,0.032177905772015465,0.1533808648936275,0.008022619819171106,0.007869599307627356,128
0.3775677589976846,0.03819330315228191,0.017284034557146097,0.3787403316371781,0.08469760604394769,0.06441506014508254,0.024011984615587942,0.007108292136552616,0.007981628714538554,129
0.011230414237111607,0.43589540115271114,0.008525650287209101,0.016672890518431085,0.031113540484469532,0.05618400921766607,0.4321666119042293,0.005295906482556947,0.0029155757156151926,130
0.027138125155268197,0.27538039913871165,0.014082985196386887,0.03391994361991541,0.037179699246544864,0.05548240719425954,0.5459855307623919,0.0071476915145372135,0.0036832181719845952,131
0.026579917959742072,0.26925392898853123,0.03205304627195616,0.037020575900141135,0.047832469547347385,0.06011577743836442,0.5096250059830739,0.012844180095427782,0.0046750978154159115,132
0.1281210552134312,0.057600847882602335,0.010497255043771216,0.6857267465686462,0.03716051653294969,0.04239615620847623,0.02586962303539872,0.004715525291495129,0.007912274223229206,133
0.08865456223149329,0.17715950282413023,0.023575527773253124,0.22732075457627135,0.050181882340681744,0.06294144377967727,0.35177738356106264,0.010867918894960337,0.00752102401846992,134
0.3481100702734259,0.1143844160637514,0.028096310289672976,0.23175801205156535,0.12871773915557902,0.06561736956442274,0.060077816867193275,0.011136812741755665,0.012101452992633727,135
0.012094181071885967,0.26753065805567033,0.008909436368006375,0.015823455182517033,0.024876964367824862,0.046217742341348546,0.6135664885773877,0.00755683663515251,0.0034242374002065876,136
0.5579705138299482,0.01448978014604496,0.014527048871298541,0.18386792270141317,0.14950056342731813,0.06493524890116131,0.011357252444987795,0.0018367668519033494,0.001514902825924405,137
0.3112644581251229,0.08442684314460983,0.012956598540103663,0.4047244324717658,0.03930418890105465,0.0809677403535701,0.0460524915756103,0.010651065159351476,0.00965218172881142,138
0.10485796979233564,0.01924240379091007,0.013826947178571917,0.787800546525961,0.027738695228592007,0.02342279336926614,0.012825430254318164,0.005040133246085599,0.005245080613959462,139
0.06790583326589156,0.268607567097064,0.010031237599353121,0.0340025106984551,0.03735092240302864,0.04269591646385545,0.5274310120864225,0.007472698745763517,0.004502301640166112,140
0.020278898333423754,0.13159922801471377,0.011839567442558267,0.044674145305746794,0.017895040731114344,0.06277916257278847,0.691162590640896,0.013892919622589631,0.005878447336168935,141
0.022270853987737437,0.39919866067408905,0.0057605594400854075,0.0185500677997973,0.021692243591572603,0.04957599833849761,0.46611592890972464,0.013091437396680613,0.003744249861815364,142
0.20727132063629372,0.024570509877272308,0.007106407285570535,0.5254384080948062,0.05763532090943702,0.030394235164189296,0.13784619017104563,0.004068099203674054,0.005669508657711143,143
0.08799085630339541,0.032471612919472245,0.008745807251401531,0.5463309435448112,0.046868491998245686,0.035696986361674655,0.23200687184295832,0.004357927679105635,0.005530502098935267,144
0.01648093883948805,0.19269111299819205,0.010406995999338791,0.03590113533140146,0.03137600230570489,0.03642089906626061,0.6613218027481811,0.011673634285417253,0.003727478426015961,145
0.3277074409940459,0.04483509331942846,0.008855331841785951,0.15845799554544782,0.0907132983065216,0.2981720235041944,0.05837819546497814,0.0051057089221159,0.007774912101481754,146
0.2720962075744705,0.033202191269953225,0.01911240621593375,0.43402879231070035,0.09904177424170646,0.09945819286926132,0.029319262583857596,0.0061292395217211635,0.007611933412395793,147
0.14298764042159698,0.045657528367742055,0.01058349597970763,0.2746091490394013,0.06037822666543376,0.09056729215142574,0.35600156878885814,0.01160015807420028,0.007614940511634146,148
0.0097466817962261,0.5495139814873888,0.005131574093595524,0.013267437571643191,0.015299598250885995,0.05321511942414116,0.3425666535541512,0.007787365134629854,0.0034715886873381142,149
0.07541037094518237,0.1238868432498842,0.007410368911785244,0.05126242265355556,0.04220680179265852,0.10246190258542355,0.5815110990570866,0.010270491556809523,0.0055796992476144155,150
0.013556185998198439,0.33955622135154756,0.008931182237740998,0.03369885505381865,0.024692207641656094,0.03246543214307566,0.5348484312561067,0.009294734585075334,0.0029567497327804173,151
0.012308767582080236,0.42259789066710507,0.0027453311186802633,0.014999603073945248,0.014002837360244581,0.04468347595018513,0.4807862391994512,0.005160601709585644,0.0027152533387226965,152
0.24024793238804673,0.19937144881593846,0.01896473621837153,0.29103754399451215,0.06064683888255413,0.05296699604787946,0.11071787190814718,0.01809111742442896,0.0079555143201215,153
0.31634087706928576,0.16305809163108856,0.025491712766846076,0.28546564323782536,0.06518605709588192,0.05986493027437299,0.06432429866585107,0.010440120262407598,0.009828268996440551,154
0.3959223215496917,0.1389108980110528,0.007502983751986761,0.25438687871540105,0.08634014788566169,0.050399772795876215,0.05298320553162671,0.00754512614566153,0.006008665613041572,155
0.0318261898787157,0.13717548521161962,0.009395631345322253,0.04057177996768537,0.022371393874672612,0.051526240326166886,0.6918073156106794,0.011031937805510546,0.004294025979627618,156
0.007318584404256828,0.6327094654223528,0.004075363336338994,0.014142770128916505,0.017354973446127277,0.03281100388541954,0.2766082000193413,0.011679656450546017,0.0032999829067007443,157
0.02024547596156913,0.1782678096921829,0.01388287796587391,0.024019159304650893,0.023411550717237037,0.05653463958996164,0.6715402527005269,0.00866471797356591,0.003433516094431613,158
0.7648771338448231,0.0050750069124872385,0.005777637298267829,0.15135645358581468,0.02347393419207356,0.034555477602294,0.01135758447374445,0.001889800843505425,0.0016369712469895175,159
0.00856682014093421,0.7914141885734512,0.0034490741739711646,0.016064404548261597,0.016903636410125225,0.03571265371111376,0.11157404070299586,0.012647382717365213,0.0036677990217819363,160
0.009400178280999382,0.23551351975184653,0.0062581684128606195,0.031210322520565006,0.024640295701459564,0.03374955944448521,0.6441478282627278,0.011936490251421966,0.0031436373736339587,161
0.012768018899442209,0.35517002472385845,0.011012470500603496,0.01418717259387766,0.018730453158228508,0.03177288335166807,0.542314957753427,0.011418415663173814,0.002625603355720853,162
0.025344040621296405,0.5167097850096294,0.004168136276133911,0.042734305128473773,0.02955256551108491,0.05184117835071984,0.32429540789301353,0.0031652761526692486,0.002189305056979048,163
0.2118437851802593,0.1117223774992949,0.008220582783119478,0.28271829228772644,0.07396898130261673,0.07172344133572359,0.2236850057079415,0.008019545906714682,0.00809798799660341,164
0.011259415793135651,0.15348785040374396,0.009938966804298947,0.014937555331541778,0.016124861873403437,0.05015021097427558,0.7315853550678162,0.009087466371197759,0.0034283173805866665,165
0.3598440321182676,0.1256891151744071,0.0065773247900971716,0.3135872684046293,0.05811006654498065,0.04472765071716142,0.07985930473841499,0.005032209450499495,0.00657302806154224,166
0.014674509865116201,0.2461436864948429,0.012366044261505007,0.025062267747862167,0.02590163205467361,0.07657049051837896,0.584022599168028,0.010688895277508987,0.00456987461208432,167
0.4335069602449663,0.05245322771235832,0.006329252368896435,0.40421811350224257,0.048729638248057594,0.025224036832327917,0.013655882669175662,0.009018319658489427,0.006864568763485777,168
0.026051692592839477,0.11061391605668515,0.0060367003755381525,0.0344300866325307,0.019276854818300063,0.029507870765757362,0.7647622741673181,0.006083892200884353,0.0032367123901464643,169
0.037481051388091956,0.24299612131923295,0.008971054225592752,0.05045458634388698,0.027510432333625903,0.05735815745925413,0.5613670288462619,0.009069034737769866,0.004792533346283632,170
0.009807827218722236,0.39854109630166024,0.010593009450466985,0.015151785053940743,0.02370124862108812,0.035598379222668494,0.49040876058341837,0.013188495825860276,0.0030093977221746808,171
0.010110709934182338,0.502947127420809,0.008542386703826127,0.01549812008303125,0.025703551094495593,0.032803368846048765,0.3906838113597584,0.011015481133120049,0.002695443424728241,172
0.14929685284621066,0.22348957551202714,0.008775681277739042,0.08692972092031365,0.07029745764424376,0.11334883402459249,0.33026276531325943,0.010006846571454045,0.007592265890159609,173
0.24296431757223474,0.08324414052919231,0.014011275129985267,0.33131015746272596,0.05337295490546978,0.073278440341137,0.180104057369355,0.011747490322075036,0.009967166367824886,174
0.012312089750501734,0.17668249640897765,0.009136796762400052,0.012882173537955385,0.023716388528285386,0.04648117918407442,0.7105959045413507,0.005959658916059046,0.0022333123703955748,175
0.027137011472110072,0.09262517616579252,0.006600841643774191,0.05267549221865752,0.026205176548862286,0.057847118447796254,0.7256436710367286,0.0070512395789624725,0.00421427288731608,176
0.1633264385728455,0.08303755311069459,0.017517768812367728,0.5935249511663535,0.04321923197458438,0.03647979913106648,0.04053056790477873,0.015464745753064845,0.0068989435742444205,177
0.05309914236566096,0.27088828475744914,0.010164496102552815,0.41051577045044557,0.05708160539918735,0.0376806346380458,0.1407495039041092,0.011967279615966773,0.00785328276658249,178
0.4438716419698748,0.0727879804246251,0.008145230576622356,0.32426524493199954,0.073134901386441,0.0385606933011198,0.023351681061043603,0.009099860134805238,0.0067827662134685735,179
0.01195748814905487,0.40444174471721833,0.004605078807964416,0.015853282518440644,0.014527279137090947,0.06649591276735128,0.4678435999426222,0.009777323085837784,0.004498290874419685,180
0.1560172194197502,0.3002286987560346,0.015204214213080611,0.2705028619276253,0.0760030704413518,0.052332641346219136,0.10651918460905327,0.015246790310293397,0.007945318976591639,181
0.014103663034847723,0.3461804266740959,0.010532648667655062,0.02562038764740371,0.02289311217948133,0.034302480443515596,0.5335184833178771,0.009873612015717258,0.0029751860194062877,182
0.12048706678944411,0.40459778962369713,0.011674978650347726,0.18387014309031355,0.08278693845223453,0.069299433972617,0.10728618575228778,0.012949244447416275,0.007048219221641989,183
0.4940571046689957,0.03333000247827872,0.010682700379664605,0.26872189925370565,0.06743843994228611,0.07440725520792425,0.038097029192505356,0.0057292204951121415,0.007536348381527436,184
0.008732048763684493,0.7252885935851336,0.005458361013929988,0.016937344713588726,0.019610489487758603,0.04799759011192488,0.16069804700644838,0.011737485172782232,0.003540040144748903,185
0.17353545589016234,0.034593566736222554,0.008247201450690486,0.6845425617590271,0.042581577684947705,0.02054142664648739,0.026000946985305765,0.005293548512341345,0.004663714334815431,186
0.03380108992590062,0.2336866681878884,0.007839219780786801,0.046627635820500696,0.022091516347765378,0.05804892571128169,0.5849388839313915,0.007936327594562283,0.005029732699922605,187
0.04627571348374045,0.6588303815899337,0.00690661305011099,0.03715747973940394,0.03419843238751911,0.07094329034163566,0.12441544614913809,0.015495450135283162,0.0057771931232349,188
0.009060606482404367,0.1160871986537977,0.009237902139918852,0.01577704374754117,0.023093582100481114,0.049694131669317326,0.7675402767401696,0.006816240907267225,0.002693017559102718,189
0.3016305430028885,0.01576848344017484,0.008012431980841754,0.5139883583656808,0.03276709090607292,0.06158987474975429,0.046729303833818535,0.008790375441995383,0.01072353827877321,190
0.007571140147266938,0.2880663938189958,0.012008483771933021,0.013498194952634513,0.03258774852941824,0.041089915008391355,0.5963156775118289,0.0063145465283659585,0.002547899731165163,191
0.1651992801308011,0.014848484253565452,0.011589703048124447,0.7205821452059673,0.029670371415035156,0.032799855023706276,0.01073661261857511,0.007118512193369466,0.00745503611085556,192
0.013978788221836676,0.12831792659962776,0.007808223267551706,0.0173789202054998,0.017635176188255948,0.040588541753557854,0.7647916332158429,0.006556954022768101,0.0029438365250593025,193
0.04414525331302635,0.17625987192350576,0.01598316835572935,0.16207236750082957,0.034155410110699294,0.064475836362797,0.4829210713299075,0.011422666010817414,0.00856435509268759,194
0.361737825183263,0.01495347170173986,0.007269166679224933,0.47839570448600494,0.04260549451682208,0.06737365848248277,0.01588658402561929,0.004798703403449468,0.006979391521393865,195
0.280855381591949,0.051192058192844364,0.016268867414425955,0.4152977728863191,0.11889403448730211,0.05138472295939179,0.05022967753131829,0.007548286670063985,0.008329198266385533,196
0.28810918870688373,0.2803495356715073,0.017030824149919927,0.12282068659510885,0.0678936520140169,0.11542826141471509,0.08486942747298415,0.013670101474662548,0.00982832250020149,197
0.10629858256209494,0.19516007513729738,0.01651014651998962,0.38572413735750305,0.07596248362620239,0.09155403347977185,0.11096865761228741,0.009756811453370227,0.008065072251483079,198
0.07536016120331421,0.14165654525609994,0.020665322238516005,0.1812207226965011,0.059481310269813285,0.07179901087403809,0.4370694786727241,0.007789080487493033,0.004958368301500075,199
0.34321348262067514,0.044203218553779226,0.01773775330916771,0.3899777155690787,0.036103956137321695,0.08954769233209155,0.05545316256358535,0.013168008974755743,0.010595009939544858,200
0.016865791902423512,0.2073255442004844,0.006646434886788632,0.01944755030083459,0.026844891278850102,0.03164588913862333,0.6741490579154901,0.01355410129154321,0.0035207390849622718,201
0.009096432491007193,0.31074515498492244,0.00688763997842571,0.010028693914458216,0.012697155655896453,0.052463902694996324,0.5880808491843896,0.00705726697026166,0.0029429041256423135,202
0.3004608637361222,0.01775590303416553,0.00850971810244636,0.5355056480301067,0.03208022732169783,0.04485454630192269,0.0464728388052961,0.006524511936618955,0.007835742731623638,203
0.01772770357045689,0.7745167973835605,0.005243680743377859,0.015582233392066436,0.02054471466934651,0.04227168746285949,0.1096230781510887,0.010667777142928315,0.003822327484315289,204
0.0094467443186518,0.5554605897145756,0.007286933943255988,0.018374717408880192,0.020333691258555074,0.03421317263337877,0.3394609267222904,0.012310896230385992,0.0031123277700261824,205
0.03684941342635557,0.512549399168399,0.005834403277663166,0.03970153780250741,0.03714182422059896,0.040004532189700716,0.3187266667334584,0.005266003489475435,0.003926219691841269,206
0.3159300827539839,0.03879837999427222,0.008867349775420799,0.4337914872992726,0.029928383348355153,0.10738434389536007,0.042541637770403,0.01126471432360953,0.01149362083932283,207
0.07260193177650241,0.06308541896278749,0.009760908478787507,0.6546771696838039,0.052652964425114385,0.01975761138867349,0.11681526363942875,0.005610500321167874,0.00503823132373422,208
0.3961080069909555,0.08563214391721655,0.011067269041095317,0.3761540058394877,0.06010767878696774,0.03501868546126565,0.018449056318237615,0.010385883584890673,0.007077270059883221,209
0.010754959445508338,0.21752862049193128,0.005310806804620582,0.02480442121990822,0.018565852930985977,0.044008311969582846,0.6672672612303855,0.007812492775794142,0.00394727313128324,210
0.015935799156070192,0.27732856445504256,0.010131093746180026,0.013831077053784013,0.02468276182181748,0.03858725867106537,0.607459531973017,0.00951969090680014,0.0025242222162231917,211
0.09196591456182514,0.5895658161018684,0.007408421603337367,0.05127008607459075,0.027355388535920008,0.06538109494690131,0.14720354721043505,0.01317870315558333,0.006671027809538609,212
0.3887700888533305,0.13627687377075262,0.013559012560765712,0.21588022778284036,0.10872706714419351,0.054931521453373225,0.06749067809717832,0.008258401044570308,0.0061061292929955845,213
